0 0.090000 0.170139 0.109091 0.065278
0 0.089091 0.232639 0.109091 0.065278
0 0.088182 0.299306 0.109091 0.065278
0 0.089091 0.367361 0.109091 0.065278
0 0.093636 0.435417 0.109091 0.065278
0 0.091818 0.503472 0.109091 0.065278
0 0.091818 0.631250 0.109091 0.065278
0 0.094545 0.696528 0.109091 0.065278
0 0.089091 0.763194 0.109091 0.065278
0 0.090000 0.832639 0.109091 0.065278
0 0.090000 0.893750 0.109091 0.065278
0 0.200000 0.893750 0.109091 0.065278
0 0.199091 0.765972 0.109091 0.065278
0 0.201818 0.690972 0.109091 0.065278
0 0.200000 0.627083 0.109091 0.065278
0 0.201818 0.561806 0.109091 0.065278
0 0.200000 0.495139 0.109091 0.065278
0 0.199091 0.428472 0.109091 0.065278
0 0.198182 0.367361 0.109091 0.065278
0 0.196364 0.296528 0.109091 0.065278
0 0.198182 0.227083 0.109091 0.065278
0 0.199091 0.170139 0.109091 0.065278
0 0.410000 0.165972 0.109091 0.065278
0 0.408182 0.232639 0.109091 0.065278
0 0.410000 0.357639 0.109091 0.065278
0 0.410909 0.427083 0.109091 0.065278
0 0.411818 0.497917 0.109091 0.065278
0 0.410909 0.556250 0.109091 0.065278
0 0.408182 0.625694 0.109091 0.065278
0 0.409091 0.761806 0.109091 0.065278
0 0.411818 0.888194 0.109091 0.065278
0 0.520909 0.889583 0.109091 0.065278
0 0.520000 0.824306 0.109091 0.065278
0 0.521818 0.557639 0.109091 0.065278
0 0.520909 0.485417 0.109091 0.065278
0 0.522727 0.354861 0.109091 0.065278
0 0.516364 0.295139 0.109091 0.065278
0 0.517273 0.228472 0.109091 0.065278
0 0.519091 0.165972 0.109091 0.065278
0 0.726364 0.154861 0.109091 0.065278
0 0.726364 0.227083 0.109091 0.065278
0 0.725455 0.289583 0.109091 0.065278
0 0.730000 0.352083 0.109091 0.065278
0 0.730000 0.418750 0.109091 0.065278
0 0.732727 0.622917 0.109091 0.065278
0 0.730909 0.753472 0.109091 0.065278
0 0.730909 0.885417 0.109091 0.065278
0 0.879091 0.885417 0.109091 0.065278
0 0.879091 0.822917 0.109091 0.065278
0 0.874545 0.622917 0.109091 0.065278
0 0.873636 0.559028 0.109091 0.065278
0 0.876364 0.492361 0.109091 0.065278
0 0.876364 0.424306 0.109091 0.065278
0 0.875455 0.354861 0.109091 0.065278
0 0.873636 0.290972 0.109091 0.065278
1 0.875455 0.222917 0.109091 0.065278
1 0.878182 0.690972 0.109091 0.065278
1 0.878182 0.757639 0.109091 0.065278
1 0.730000 0.822917 0.109091 0.065278
1 0.731818 0.685417 0.109091 0.065278
1 0.730000 0.556250 0.109091 0.065278
1 0.730000 0.486806 0.109091 0.065278
1 0.519091 0.759028 0.109091 0.065278
1 0.518182 0.627083 0.109091 0.065278
1 0.517273 0.421528 0.109091 0.065278
1 0.409091 0.295139 0.109091 0.065278
1 0.410909 0.827083 0.109091 0.065278
1 0.200000 0.829861 0.109091 0.065278
1 0.093636 0.561806 0.109091 0.065278
