0 0.086818 0.165278 0.111818 0.066667
0 0.089545 0.231944 0.111818 0.066667
0 0.088636 0.300000 0.111818 0.066667
0 0.088636 0.362500 0.111818 0.066667
0 0.087727 0.436111 0.111818 0.066667
0 0.087727 0.500000 0.111818 0.066667
1 0.087727 0.565278 0.111818 0.066667
0 0.087727 0.630556 0.111818 0.066667
0 0.089545 0.700000 0.111818 0.066667
0 0.088636 0.762500 0.111818 0.066667
0 0.087727 0.827778 0.111818 0.066667
0 0.089545 0.898611 0.111818 0.066667
0 0.199545 0.895833 0.111818 0.066667
1 0.201364 0.827778 0.111818 0.066667
0 0.201364 0.755556 0.111818 0.066667
0 0.202273 0.697222 0.111818 0.066667
0 0.199545 0.629167 0.111818 0.066667
0 0.201364 0.558333 0.111818 0.066667
0 0.200455 0.500000 0.111818 0.066667
0 0.199545 0.427778 0.111818 0.066667
0 0.199545 0.368056 0.111818 0.066667
0 0.202273 0.294444 0.111818 0.066667
0 0.198636 0.230556 0.111818 0.066667
0 0.200455 0.162500 0.111818 0.066667
0 0.404091 0.158333 0.111818 0.066667
0 0.407727 0.226389 0.111818 0.066667
1 0.404091 0.297222 0.111818 0.066667
0 0.405909 0.361111 0.111818 0.066667
0 0.404091 0.429167 0.111818 0.066667
0 0.407727 0.491667 0.111818 0.066667
0 0.410455 0.554167 0.111818 0.066667
0 0.408636 0.620833 0.111818 0.066667
0 0.408636 0.756944 0.111818 0.066667
0 0.409545 0.887500 0.111818 0.066667
0 0.521364 0.883333 0.111818 0.066667
0 0.520455 0.820833 0.111818 0.066667
0 0.518636 0.556944 0.111818 0.066667
1 0.516818 0.620833 0.111818 0.066667
1 0.522273 0.754167 0.111818 0.066667
1 0.516818 0.423611 0.111818 0.066667
0 0.516818 0.494444 0.111818 0.066667
0 0.515000 0.362500 0.111818 0.066667
0 0.519545 0.290278 0.111818 0.066667
0 0.519545 0.225000 0.111818 0.066667
0 0.517727 0.156944 0.111818 0.066667
0 0.726818 0.151389 0.111818 0.066667
0 0.727727 0.222222 0.111818 0.066667
0 0.729545 0.297222 0.111818 0.066667
0 0.728636 0.361111 0.111818 0.066667
0 0.728636 0.422222 0.111818 0.066667
1 0.729545 0.491667 0.111818 0.066667
1 0.730455 0.555556 0.111818 0.066667
0 0.728636 0.619444 0.111818 0.066667
1 0.729545 0.693056 0.111818 0.066667
0 0.730455 0.751389 0.111818 0.066667
1 0.728636 0.819444 0.111818 0.066667
0 0.730455 0.880556 0.111818 0.066667
0 0.881364 0.886111 0.111818 0.066667
0 0.881364 0.813889 0.111818 0.066667
1 0.882273 0.745833 0.111818 0.066667
1 0.881364 0.683333 0.111818 0.066667
0 0.878636 0.616667 0.111818 0.066667
0 0.878636 0.552778 0.111818 0.066667
0 0.878636 0.484722 0.111818 0.066667
0 0.876818 0.415278 0.111818 0.066667
0 0.877727 0.351389 0.111818 0.066667
0 0.875909 0.288889 0.111818 0.066667
1 0.877727 0.227778 0.111818 0.066667
1 0.409545 0.822222 0.111818 0.066667
