0 0.087727 0.168750 0.106364 0.068056
0 0.087727 0.235417 0.106364 0.068056
0 0.087727 0.299306 0.106364 0.068056
0 0.087727 0.365972 0.106364 0.068056
0 0.089545 0.432639 0.106364 0.068056
0 0.087727 0.499306 0.106364 0.068056
0 0.090455 0.629861 0.106364 0.068056
0 0.094091 0.695139 0.106364 0.068056
0 0.092273 0.764583 0.106364 0.068056
0 0.094091 0.822917 0.106364 0.068056
0 0.094091 0.897917 0.106364 0.068056
0 0.198636 0.895139 0.106364 0.068056
0 0.198636 0.759028 0.106364 0.068056
0 0.200455 0.693750 0.106364 0.068056
0 0.195909 0.564583 0.106364 0.068056
0 0.194091 0.499306 0.106364 0.068056
0 0.196818 0.363194 0.106364 0.068056
0 0.195000 0.427083 0.106364 0.068056
0 0.197727 0.299306 0.106364 0.068056
0 0.195000 0.235417 0.106364 0.068056
0 0.195000 0.161806 0.106364 0.068056
0 0.408636 0.159028 0.106364 0.068056
0 0.410455 0.228472 0.106364 0.068056
0 0.408636 0.225694 0.106364 0.068056
0 0.408636 0.361806 0.106364 0.068056
0 0.406818 0.425694 0.106364 0.068056
0 0.404091 0.492361 0.106364 0.068056
0 0.405909 0.560417 0.106364 0.068056
0 0.407727 0.622917 0.106364 0.068056
0 0.410455 0.757639 0.106364 0.068056
0 0.412273 0.888194 0.106364 0.068056
0 0.519545 0.884028 0.106364 0.068056
0 0.517727 0.824306 0.106364 0.068056
0 0.514091 0.559028 0.106364 0.068056
0 0.515000 0.492361 0.106364 0.068056
0 0.515000 0.361806 0.106364 0.068056
0 0.515909 0.289583 0.106364 0.068056
0 0.514091 0.227083 0.106364 0.068056
0 0.515909 0.153472 0.106364 0.068056
0 0.727727 0.156250 0.106364 0.068056
0 0.725909 0.217361 0.106364 0.068056
0 0.727727 0.289583 0.106364 0.068056
0 0.730455 0.353472 0.106364 0.068056
0 0.730455 0.418750 0.106364 0.068056
0 0.729545 0.617361 0.106364 0.068056
0 0.733182 0.754861 0.106364 0.068056
0 0.732273 0.885417 0.106364 0.068056
0 0.880455 0.885417 0.106364 0.068056
0 0.877727 0.821528 0.106364 0.068056
0 0.876818 0.621528 0.106364 0.068056
0 0.874091 0.556250 0.106364 0.068056
0 0.875909 0.486806 0.106364 0.068056
0 0.877727 0.417361 0.106364 0.068056
0 0.877727 0.345139 0.106364 0.068056
0 0.877727 0.275694 0.106364 0.068056
1 0.875000 0.217361 0.106364 0.068056
1 0.875909 0.692361 0.106364 0.068056
1 0.877727 0.757639 0.106364 0.068056
1 0.730455 0.817361 0.106364 0.068056
1 0.731364 0.684028 0.106364 0.068056
1 0.728636 0.550694 0.106364 0.068056
1 0.726818 0.484028 0.106364 0.068056
1 0.517727 0.753472 0.106364 0.068056
1 0.512273 0.622917 0.106364 0.068056
1 0.514091 0.425694 0.106364 0.068056
1 0.406818 0.295139 0.106364 0.068056
1 0.410455 0.821528 0.106364 0.068056
1 0.198636 0.824306 0.106364 0.068056
0 0.197727 0.631250 0.106364 0.068056
1 0.088636 0.560417 0.106364 0.068056
