0 0.089091 0.169444 0.103636 0.066667
0 0.090909 0.233333 0.103636 0.066667
0 0.089091 0.301389 0.103636 0.066667
0 0.090909 0.363889 0.103636 0.066667
0 0.090909 0.429167 0.103636 0.066667
0 0.090909 0.498611 0.103636 0.066667
0 0.092727 0.630556 0.103636 0.066667
0 0.092727 0.698611 0.103636 0.066667
0 0.095455 0.766667 0.103636 0.066667
0 0.097273 0.825000 0.103636 0.066667
0 0.094545 0.895833 0.103636 0.066667
0 0.199091 0.895833 0.103636 0.066667
0 0.197273 0.756944 0.103636 0.066667
0 0.198182 0.693056 0.103636 0.066667
1 0.195455 0.630556 0.103636 0.066667
0 0.196364 0.566667 0.103636 0.066667
0 0.196364 0.501389 0.103636 0.066667
0 0.195455 0.429167 0.103636 0.066667
0 0.197273 0.362500 0.103636 0.066667
0 0.198182 0.300000 0.103636 0.066667
0 0.198182 0.226389 0.103636 0.066667
0 0.199091 0.158333 0.103636 0.066667
0 0.416364 0.156944 0.103636 0.066667
0 0.416364 0.226389 0.103636 0.066667
1 0.413636 0.290278 0.103636 0.066667
0 0.410000 0.358333 0.103636 0.066667
0 0.409091 0.422222 0.103636 0.066667
0 0.410909 0.486111 0.103636 0.066667
0 0.412727 0.554167 0.103636 0.066667
0 0.412727 0.619444 0.103636 0.066667
0 0.413636 0.755556 0.103636 0.066667
1 0.410909 0.819444 0.103636 0.066667
0 0.410909 0.886111 0.103636 0.066667
0 0.518182 0.156944 0.103636 0.066667
0 0.518182 0.226389 0.103636 0.066667
0 0.518182 0.287500 0.103636 0.066667
0 0.518182 0.354167 0.103636 0.066667
1 0.517273 0.425000 0.103636 0.066667
0 0.517273 0.491667 0.103636 0.066667
0 0.522727 0.554167 0.103636 0.066667
1 0.520909 0.618056 0.103636 0.066667
1 0.517273 0.750000 0.103636 0.066667
0 0.520000 0.819444 0.103636 0.066667
0 0.518182 0.881944 0.103636 0.066667
0 0.735455 0.881944 0.103636 0.066667
1 0.739091 0.815278 0.103636 0.066667
0 0.740909 0.751389 0.103636 0.066667
1 0.732727 0.687500 0.103636 0.066667
0 0.733636 0.620833 0.103636 0.066667
1 0.730909 0.548611 0.103636 0.066667
1 0.730909 0.479167 0.103636 0.066667
0 0.728182 0.418056 0.103636 0.066667
0 0.724545 0.348611 0.103636 0.066667
0 0.727273 0.284722 0.103636 0.066667
0 0.725455 0.222222 0.103636 0.066667
0 0.726364 0.154167 0.103636 0.066667
1 0.864545 0.223611 0.103636 0.066667
0 0.863636 0.297222 0.103636 0.066667
0 0.865455 0.352778 0.103636 0.066667
0 0.865455 0.419444 0.103636 0.066667
0 0.864545 0.487500 0.103636 0.066667
0 0.873636 0.552778 0.103636 0.066667
0 0.867273 0.623611 0.103636 0.066667
1 0.872727 0.690278 0.103636 0.066667
1 0.870000 0.756944 0.103636 0.066667
0 0.868182 0.820833 0.103636 0.066667
0 0.866364 0.881944 0.103636 0.066667
0 0.871818 0.879167 0.103636 0.066667
1 0.196364 0.826389 0.103636 0.066667
1 0.092727 0.568056 0.103636 0.066667
