0 0.094091 0.170833 0.104545 0.061111
0 0.092273 0.233333 0.104545 0.061111
0 0.088636 0.298611 0.104545 0.061111
0 0.093182 0.361111 0.104545 0.061111
0 0.087727 0.429167 0.104545 0.061111
0 0.092273 0.498611 0.104545 0.061111
0 0.091364 0.627778 0.104545 0.061111
0 0.094091 0.693056 0.104545 0.061111
0 0.093182 0.888889 0.104545 0.061111
0 0.093182 0.763889 0.104545 0.061111
0 0.094091 0.822222 0.104545 0.061111
0 0.203182 0.891667 0.104545 0.061111
0 0.199545 0.759722 0.104545 0.061111
0 0.197727 0.691667 0.104545 0.061111
0 0.199545 0.559722 0.104545 0.061111
0 0.197727 0.494444 0.104545 0.061111
0 0.200455 0.423611 0.104545 0.061111
0 0.200455 0.362500 0.104545 0.061111
0 0.197727 0.297222 0.104545 0.061111
0 0.196818 0.227778 0.104545 0.061111
0 0.199545 0.159722 0.104545 0.061111
0 0.406818 0.162500 0.104545 0.061111
0 0.409545 0.226389 0.104545 0.061111
0 0.407727 0.355556 0.104545 0.061111
0 0.411364 0.422222 0.104545 0.061111
0 0.411364 0.490278 0.104545 0.061111
0 0.412273 0.558333 0.104545 0.061111
0 0.407727 0.622222 0.104545 0.061111
0 0.410455 0.755556 0.104545 0.061111
0 0.415909 0.891667 0.104545 0.061111
0 0.518636 0.887500 0.104545 0.061111
0 0.516818 0.819444 0.104545 0.061111
0 0.517727 0.555556 0.104545 0.061111
0 0.518636 0.486111 0.104545 0.061111
0 0.515909 0.356944 0.104545 0.061111
0 0.515909 0.291667 0.104545 0.061111
0 0.515000 0.225000 0.104545 0.061111
0 0.514091 0.163889 0.104545 0.061111
0 0.727727 0.152778 0.104545 0.061111
0 0.726818 0.226389 0.104545 0.061111
0 0.726818 0.290278 0.104545 0.061111
0 0.730455 0.359722 0.104545 0.061111
0 0.732273 0.423611 0.104545 0.061111
0 0.731364 0.615278 0.104545 0.061111
0 0.730455 0.754167 0.104545 0.061111
0 0.735000 0.886111 0.104545 0.061111
0 0.878636 0.886111 0.104545 0.061111
0 0.876818 0.819444 0.104545 0.061111
0 0.880455 0.622222 0.104545 0.061111
0 0.879545 0.554167 0.104545 0.061111
0 0.881364 0.484722 0.104545 0.061111
0 0.879545 0.415278 0.104545 0.061111
0 0.875909 0.351389 0.104545 0.061111
0 0.876818 0.288889 0.104545 0.061111
1 0.875909 0.226389 0.104545 0.061111
1 0.880455 0.688889 0.104545 0.061111
1 0.879545 0.754167 0.104545 0.061111
1 0.731364 0.816667 0.104545 0.061111
1 0.731364 0.680556 0.104545 0.061111
1 0.729545 0.555556 0.104545 0.061111
1 0.732273 0.487500 0.104545 0.061111
1 0.516818 0.755556 0.104545 0.061111
1 0.515000 0.622222 0.104545 0.061111
1 0.518636 0.422222 0.104545 0.061111
1 0.414091 0.829167 0.104545 0.061111
1 0.408636 0.297222 0.104545 0.061111
1 0.195909 0.627778 0.104545 0.061111
1 0.197727 0.826389 0.104545 0.061111
1 0.090455 0.563889 0.104545 0.061111
