0 0.097727 0.158333 0.099091 0.061111
0 0.096818 0.222222 0.099091 0.061111
0 0.096818 0.290278 0.099091 0.061111
0 0.095000 0.361111 0.099091 0.061111
0 0.093182 0.429167 0.099091 0.061111
0 0.094091 0.494444 0.099091 0.061111
1 0.091364 0.562500 0.099091 0.061111
0 0.091364 0.629167 0.099091 0.061111
0 0.089545 0.691667 0.099091 0.061111
0 0.090455 0.759722 0.099091 0.061111
0 0.091364 0.829167 0.099091 0.061111
0 0.091364 0.894444 0.099091 0.061111
0 0.196818 0.158333 0.099091 0.061111
0 0.198636 0.226389 0.099091 0.061111
0 0.200455 0.298611 0.099091 0.061111
0 0.195909 0.361111 0.099091 0.061111
0 0.196818 0.427778 0.099091 0.061111
0 0.195000 0.497222 0.099091 0.061111
0 0.195000 0.561111 0.099091 0.061111
0 0.195909 0.623611 0.099091 0.061111
0 0.195909 0.693056 0.099091 0.061111
0 0.192273 0.756944 0.099091 0.061111
1 0.193182 0.826389 0.099091 0.061111
0 0.195909 0.891667 0.099091 0.061111
0 0.412273 0.159722 0.099091 0.061111
0 0.413182 0.227778 0.099091 0.061111
0 0.415000 0.359722 0.099091 0.061111
0 0.413182 0.422222 0.099091 0.061111
0 0.415000 0.493056 0.099091 0.061111
0 0.414091 0.554167 0.099091 0.061111
0 0.413182 0.620833 0.099091 0.061111
0 0.415000 0.756944 0.099091 0.061111
0 0.417727 0.886111 0.099091 0.061111
0 0.520455 0.884722 0.099091 0.061111
0 0.517727 0.818056 0.099091 0.061111
0 0.512273 0.555556 0.099091 0.061111
0 0.513182 0.486111 0.099091 0.061111
0 0.516818 0.358333 0.099091 0.061111
0 0.514091 0.288889 0.099091 0.061111
0 0.514091 0.226389 0.099091 0.061111
0 0.515909 0.156944 0.099091 0.061111
0 0.729545 0.154167 0.099091 0.061111
0 0.728636 0.219444 0.099091 0.061111
0 0.728636 0.284722 0.099091 0.061111
0 0.730455 0.354167 0.099091 0.061111
0 0.732273 0.420833 0.099091 0.061111
0 0.733182 0.620833 0.099091 0.061111
0 0.734091 0.750000 0.099091 0.061111
0 0.735909 0.883333 0.099091 0.061111
0 0.876818 0.886111 0.099091 0.061111
0 0.875000 0.822222 0.099091 0.061111
0 0.875000 0.622222 0.099091 0.061111
0 0.873182 0.558333 0.099091 0.061111
0 0.871364 0.491667 0.099091 0.061111
0 0.873182 0.422222 0.099091 0.061111
0 0.875000 0.359722 0.099091 0.061111
0 0.876818 0.291667 0.099091 0.061111
1 0.875000 0.227778 0.099091 0.061111
1 0.876818 0.691667 0.099091 0.061111
1 0.877727 0.755556 0.099091 0.061111
1 0.734091 0.813889 0.099091 0.061111
1 0.733182 0.684722 0.099091 0.061111
1 0.731364 0.551389 0.099091 0.061111
1 0.733182 0.484722 0.099091 0.061111
1 0.515909 0.755556 0.099091 0.061111
1 0.515909 0.619444 0.099091 0.061111
1 0.517727 0.422222 0.099091 0.061111
1 0.414091 0.823611 0.099091 0.061111
1 0.412273 0.291667 0.099091 0.061111
