0 0.092727 0.166667 0.103636 0.058333
0 0.196364 0.163889 0.103636 0.058333
0 0.088636 0.234028 0.100909 0.059722
0 0.090455 0.299306 0.100909 0.059722
0 0.091364 0.364583 0.100909 0.059722
0 0.093182 0.431250 0.100909 0.059722
0 0.095909 0.496528 0.100909 0.059722
0 0.095909 0.627083 0.100909 0.059722
0 0.097727 0.692361 0.100909 0.059722
0 0.097727 0.761806 0.100909 0.059722
0 0.099545 0.825694 0.100909 0.059722
0 0.099545 0.892361 0.100909 0.059722
0 0.202273 0.892361 0.100909 0.059722
0 0.197727 0.760417 0.100909 0.059722
0 0.195909 0.692361 0.100909 0.059722
0 0.197727 0.559028 0.100909 0.059722
0 0.196818 0.489583 0.100909 0.059722
0 0.195000 0.425694 0.100909 0.059722
0 0.196818 0.360417 0.100909 0.059722
0 0.195000 0.296528 0.100909 0.059722
0 0.196818 0.225694 0.100909 0.059722
0 0.412273 0.161806 0.100909 0.059722
0 0.411364 0.225694 0.100909 0.059722
0 0.411364 0.356250 0.100909 0.059722
0 0.412273 0.424306 0.100909 0.059722
0 0.413182 0.488194 0.100909 0.059722
0 0.411364 0.557639 0.100909 0.059722
0 0.411364 0.618750 0.100909 0.059722
0 0.415000 0.757639 0.100909 0.059722
0 0.415909 0.886806 0.100909 0.059722
0 0.518636 0.886806 0.100909 0.059722
0 0.516818 0.818750 0.100909 0.059722
0 0.517727 0.554861 0.100909 0.059722
0 0.517727 0.485417 0.100909 0.059722
0 0.515909 0.354861 0.100909 0.059722
0 0.513182 0.289583 0.100909 0.059722
0 0.515000 0.222917 0.100909 0.059722
0 0.513182 0.156250 0.100909 0.059722
0 0.729545 0.149306 0.100909 0.059722
0 0.727727 0.214583 0.100909 0.059722
0 0.729545 0.282639 0.100909 0.059722
0 0.729545 0.352083 0.100909 0.059722
0 0.731364 0.415972 0.100909 0.059722
0 0.733182 0.620139 0.100909 0.059722
0 0.736818 0.747917 0.100909 0.059722
0 0.735909 0.879861 0.100909 0.059722
0 0.876818 0.885417 0.100909 0.059722
0 0.878636 0.821528 0.100909 0.059722
0 0.875000 0.620139 0.100909 0.059722
0 0.875909 0.556250 0.100909 0.059722
0 0.875000 0.489583 0.100909 0.059722
0 0.872273 0.420139 0.100909 0.059722
0 0.872273 0.357639 0.100909 0.059722
0 0.872273 0.288194 0.100909 0.059722
1 0.870455 0.222917 0.100909 0.059722
1 0.876818 0.686806 0.100909 0.059722
1 0.875909 0.757639 0.100909 0.059722
1 0.735909 0.820139 0.100909 0.059722
1 0.732273 0.684028 0.100909 0.059722
1 0.730455 0.552083 0.100909 0.059722
1 0.733182 0.482639 0.100909 0.059722
1 0.516818 0.756250 0.100909 0.059722
1 0.514091 0.618750 0.100909 0.059722
1 0.516818 0.421528 0.100909 0.059722
1 0.416818 0.820139 0.100909 0.059722
1 0.411364 0.293750 0.100909 0.059722
1 0.201364 0.825694 0.100909 0.059722
1 0.196818 0.622917 0.100909 0.059722
1 0.095000 0.561806 0.100909 0.059722
