0 0.087727 0.164583 0.111818 0.065278
0 0.089545 0.235417 0.111818 0.065278
0 0.091364 0.295139 0.111818 0.065278
0 0.089545 0.363194 0.111818 0.065278
0 0.087727 0.429861 0.111818 0.065278
0 0.089545 0.493750 0.111818 0.065278
0 0.089545 0.631250 0.111818 0.065278
0 0.091364 0.699306 0.111818 0.065278
0 0.090455 0.761806 0.111818 0.065278
0 0.091364 0.825694 0.111818 0.065278
0 0.090455 0.895139 0.111818 0.065278
0 0.204091 0.893750 0.111818 0.065278
0 0.200455 0.757639 0.111818 0.065278
0 0.200455 0.693750 0.111818 0.065278
0 0.200455 0.563194 0.111818 0.065278
0 0.201364 0.490972 0.111818 0.065278
0 0.201364 0.429861 0.111818 0.065278
0 0.200455 0.365972 0.111818 0.065278
0 0.204091 0.293750 0.111818 0.065278
0 0.202273 0.227083 0.111818 0.065278
0 0.200455 0.160417 0.111818 0.065278
0 0.407727 0.157639 0.111818 0.065278
0 0.409545 0.228472 0.111818 0.065278
0 0.410455 0.354861 0.111818 0.065278
0 0.407727 0.427083 0.111818 0.065278
0 0.406818 0.496528 0.111818 0.065278
0 0.408636 0.559028 0.111818 0.065278
0 0.406818 0.625694 0.111818 0.065278
0 0.410455 0.756250 0.111818 0.065278
0 0.412273 0.886806 0.111818 0.065278
0 0.521364 0.884028 0.111818 0.065278
0 0.525909 0.818750 0.111818 0.065278
0 0.521364 0.553472 0.111818 0.065278
0 0.519545 0.490972 0.111818 0.065278
0 0.523182 0.354861 0.111818 0.065278
0 0.520455 0.286806 0.111818 0.065278
0 0.520455 0.227083 0.111818 0.065278
0 0.519545 0.154861 0.111818 0.065278
0 0.725000 0.153472 0.111818 0.065278
0 0.725909 0.222917 0.111818 0.065278
0 0.725909 0.288194 0.111818 0.065278
0 0.725000 0.352083 0.111818 0.065278
0 0.726818 0.422917 0.111818 0.065278
0 0.728636 0.617361 0.111818 0.065278
0 0.729545 0.754861 0.111818 0.065278
0 0.732273 0.884028 0.111818 0.065278
0 0.883182 0.886806 0.111818 0.065278
0 0.881364 0.821528 0.111818 0.065278
0 0.878636 0.620139 0.111818 0.065278
0 0.880455 0.550694 0.111818 0.065278
0 0.876818 0.482639 0.111818 0.065278
0 0.876818 0.418750 0.111818 0.065278
0 0.875909 0.350694 0.111818 0.065278
0 0.875000 0.290972 0.111818 0.065278
1 0.873182 0.221528 0.111818 0.065278
1 0.878636 0.688194 0.111818 0.065278
1 0.882273 0.754861 0.111818 0.065278
1 0.729545 0.817361 0.111818 0.065278
1 0.730455 0.686806 0.111818 0.065278
1 0.728636 0.552083 0.111818 0.065278
1 0.726818 0.482639 0.111818 0.065278
1 0.521364 0.759028 0.111818 0.065278
1 0.520455 0.620139 0.111818 0.065278
1 0.519545 0.422917 0.111818 0.065278
1 0.408636 0.824306 0.111818 0.065278
1 0.410455 0.290972 0.111818 0.065278
1 0.203182 0.828472 0.111818 0.065278
1 0.203182 0.625694 0.111818 0.065278
1 0.087727 0.561806 0.111818 0.065278
