0 0.089091 0.165278 0.107273 0.066667
0 0.091818 0.231944 0.107273 0.066667
0 0.092727 0.300000 0.107273 0.066667
0 0.090909 0.363889 0.107273 0.066667
0 0.092727 0.429167 0.107273 0.066667
0 0.093636 0.495833 0.107273 0.066667
0 0.092727 0.629167 0.107273 0.066667
0 0.095455 0.693056 0.107273 0.066667
0 0.091818 0.759722 0.107273 0.066667
0 0.093636 0.829167 0.107273 0.066667
0 0.096364 0.893056 0.107273 0.066667
0 0.204545 0.890278 0.107273 0.066667
0 0.203636 0.761111 0.107273 0.066667
0 0.200000 0.688889 0.107273 0.066667
0 0.200909 0.558333 0.107273 0.066667
0 0.200000 0.494444 0.107273 0.066667
0 0.200000 0.426389 0.107273 0.066667
0 0.200909 0.362500 0.107273 0.066667
0 0.198182 0.295833 0.107273 0.066667
0 0.199091 0.229167 0.107273 0.066667
0 0.200909 0.159722 0.107273 0.066667
0 0.409091 0.161111 0.107273 0.066667
0 0.410000 0.226389 0.107273 0.066667
0 0.515455 0.163889 0.107273 0.066667
0 0.517273 0.222222 0.107273 0.066667
0 0.519091 0.288889 0.107273 0.066667
0 0.517273 0.359722 0.107273 0.066667
0 0.415455 0.356944 0.107273 0.066667
0 0.413636 0.425000 0.107273 0.066667
0 0.414545 0.488889 0.107273 0.066667
0 0.410909 0.552778 0.107273 0.066667
0 0.519091 0.488889 0.107273 0.066667
0 0.519091 0.555556 0.107273 0.066667
0 0.410909 0.623611 0.107273 0.066667
0 0.410909 0.750000 0.107273 0.066667
0 0.518182 0.819444 0.107273 0.066667
0 0.410909 0.884722 0.112727 0.061111
0 0.519091 0.886111 0.107273 0.066667
0 0.733636 0.883333 0.107273 0.066667
0 0.731818 0.752778 0.107273 0.066667
0 0.728182 0.613889 0.107273 0.066667
0 0.727273 0.413889 0.107273 0.066667
0 0.727273 0.350000 0.107273 0.066667
0 0.729091 0.281944 0.107273 0.066667
0 0.727273 0.216667 0.107273 0.066667
0 0.726364 0.150000 0.107273 0.066667
0 0.875455 0.287500 0.107273 0.066667
0 0.876364 0.358333 0.107273 0.066667
0 0.877273 0.426389 0.107273 0.066667
0 0.879091 0.491667 0.107273 0.066667
0 0.880000 0.556944 0.107273 0.066667
0 0.878182 0.625000 0.107273 0.066667
0 0.882727 0.822222 0.107273 0.066667
0 0.883636 0.886111 0.107273 0.066667
1 0.882727 0.751389 0.107273 0.066667
1 0.880909 0.684722 0.107273 0.066667
1 0.876364 0.229167 0.107273 0.066667
1 0.726364 0.486111 0.107273 0.066667
1 0.731818 0.550000 0.107273 0.066667
1 0.730909 0.690278 0.107273 0.066667
1 0.732727 0.815278 0.107273 0.066667
1 0.517273 0.756944 0.107273 0.066667
1 0.515455 0.620833 0.107273 0.066667
1 0.518182 0.426389 0.107273 0.066667
1 0.410909 0.816667 0.107273 0.066667
1 0.410000 0.290278 0.107273 0.066667
1 0.196364 0.626389 0.107273 0.066667
1 0.200909 0.827778 0.107273 0.066667
1 0.091818 0.558333 0.107273 0.066667
