0 0.090909 0.166667 0.107273 0.063889
0 0.089091 0.236111 0.107273 0.063889
0 0.091818 0.298611 0.107273 0.063889
0 0.093636 0.365278 0.107273 0.063889
0 0.093636 0.430556 0.107273 0.063889
0 0.092727 0.494444 0.107273 0.063889
0 0.093636 0.630556 0.107273 0.063889
0 0.091818 0.695833 0.107273 0.063889
0 0.093636 0.759722 0.107273 0.063889
0 0.095455 0.827778 0.107273 0.063889
0 0.094545 0.890278 0.107273 0.063889
0 0.203636 0.893056 0.107273 0.063889
0 0.201818 0.758333 0.107273 0.063889
0 0.202727 0.691667 0.107273 0.063889
0 0.198182 0.559722 0.107273 0.063889
0 0.199091 0.495833 0.107273 0.063889
0 0.201818 0.431944 0.107273 0.063889
0 0.201818 0.365278 0.107273 0.063889
0 0.200000 0.295833 0.107273 0.063889
0 0.200000 0.229167 0.107273 0.063889
0 0.199091 0.163889 0.107273 0.063889
0 0.411818 0.161111 0.107273 0.063889
0 0.412727 0.225000 0.107273 0.063889
0 0.411818 0.358333 0.107273 0.063889
0 0.411818 0.423611 0.107273 0.063889
0 0.413636 0.493056 0.107273 0.063889
0 0.412727 0.556944 0.107273 0.063889
0 0.410909 0.620833 0.107273 0.063889
0 0.412727 0.752778 0.107273 0.063889
0 0.416364 0.886111 0.107273 0.063889
0 0.520909 0.884722 0.107273 0.063889
0 0.520000 0.818056 0.107273 0.063889
0 0.520000 0.556944 0.107273 0.063889
0 0.520909 0.488889 0.107273 0.063889
0 0.520909 0.359722 0.107273 0.063889
0 0.519091 0.287500 0.107273 0.063889
0 0.518182 0.223611 0.107273 0.063889
0 0.520000 0.159722 0.107273 0.063889
0 0.728182 0.152778 0.107273 0.063889
0 0.729091 0.223611 0.107273 0.063889
0 0.725455 0.286111 0.107273 0.063889
0 0.728182 0.355556 0.107273 0.063889
0 0.727273 0.418056 0.107273 0.063889
0 0.731818 0.618056 0.107273 0.063889
0 0.731818 0.754167 0.107273 0.063889
0 0.732727 0.879167 0.107273 0.063889
0 0.883636 0.881944 0.107273 0.063889
0 0.878182 0.818056 0.107273 0.063889
0 0.876364 0.619444 0.107273 0.063889
0 0.875455 0.551389 0.107273 0.063889
0 0.873636 0.484722 0.107273 0.063889
0 0.870909 0.420833 0.107273 0.063889
0 0.869091 0.356944 0.107273 0.063889
0 0.870000 0.290278 0.107273 0.063889
1 0.870000 0.225000 0.107273 0.063889
1 0.878182 0.688889 0.107273 0.063889
1 0.878182 0.758333 0.107273 0.063889
1 0.732727 0.820833 0.107273 0.063889
1 0.730909 0.684722 0.107273 0.063889
1 0.734545 0.554167 0.107273 0.063889
1 0.729091 0.486111 0.107273 0.063889
1 0.521818 0.750000 0.107273 0.063889
1 0.520909 0.618056 0.107273 0.063889
1 0.522727 0.423611 0.107273 0.063889
1 0.419091 0.822222 0.107273 0.063889
1 0.413636 0.291667 0.107273 0.063889
1 0.200909 0.625000 0.107273 0.063889
1 0.200909 0.823611 0.107273 0.063889
1 0.090000 0.565278 0.107273 0.063889
