0 0.091818 0.163889 0.105455 0.066667
0 0.090909 0.236111 0.105455 0.066667
0 0.092727 0.300000 0.105455 0.066667
0 0.094545 0.365278 0.105455 0.066667
0 0.093636 0.430556 0.105455 0.066667
0 0.095455 0.495833 0.105455 0.066667
0 0.093636 0.626389 0.105455 0.066667
0 0.095455 0.698611 0.105455 0.066667
0 0.095455 0.759722 0.105455 0.066667
0 0.097273 0.827778 0.105455 0.066667
0 0.096364 0.894444 0.105455 0.066667
0 0.201818 0.893056 0.105455 0.066667
0 0.204545 0.762500 0.105455 0.066667
0 0.202727 0.697222 0.105455 0.066667
0 0.200909 0.562500 0.105455 0.066667
0 0.199091 0.498611 0.105455 0.066667
0 0.196364 0.430556 0.105455 0.066667
0 0.201818 0.363889 0.105455 0.066667
0 0.203636 0.294444 0.105455 0.066667
0 0.201818 0.230556 0.105455 0.066667
0 0.200000 0.165278 0.105455 0.066667
0 0.410909 0.158333 0.105455 0.066667
0 0.411818 0.229167 0.105455 0.066667
0 0.412727 0.355556 0.105455 0.066667
0 0.413636 0.429167 0.105455 0.066667
0 0.413636 0.497222 0.105455 0.066667
0 0.410909 0.561111 0.105455 0.066667
0 0.413636 0.618056 0.105455 0.066667
0 0.413636 0.758333 0.105455 0.066667
0 0.414545 0.888889 0.105455 0.066667
0 0.517273 0.883333 0.105455 0.066667
0 0.517273 0.825000 0.105455 0.066667
0 0.519091 0.561111 0.105455 0.066667
0 0.518182 0.490278 0.105455 0.066667
0 0.516364 0.359722 0.105455 0.066667
0 0.518182 0.287500 0.105455 0.066667
0 0.517273 0.223611 0.105455 0.066667
0 0.517273 0.159722 0.105455 0.066667
0 0.729091 0.147222 0.105455 0.066667
0 0.729091 0.222222 0.105455 0.066667
0 0.730000 0.291667 0.105455 0.066667
0 0.730000 0.354167 0.105455 0.066667
0 0.728182 0.351389 0.105455 0.066667
0 0.732727 0.422222 0.105455 0.066667
0 0.734545 0.619444 0.105455 0.066667
0 0.730909 0.750000 0.105455 0.066667
0 0.736364 0.886111 0.105455 0.066667
0 0.881818 0.887500 0.105455 0.066667
0 0.880000 0.818056 0.105455 0.066667
0 0.878182 0.815278 0.105455 0.066667
0 0.876364 0.627778 0.105455 0.066667
0 0.874545 0.555556 0.105455 0.066667
0 0.875455 0.491667 0.105455 0.066667
0 0.876364 0.423611 0.105455 0.066667
0 0.873636 0.359722 0.105455 0.066667
0 0.871818 0.293056 0.105455 0.066667
1 0.871818 0.226389 0.105455 0.066667
1 0.875455 0.690278 0.105455 0.066667
1 0.879091 0.758333 0.105455 0.066667
1 0.730909 0.819444 0.105455 0.066667
1 0.734545 0.683333 0.105455 0.066667
1 0.731818 0.552778 0.105455 0.066667
1 0.731818 0.487500 0.105455 0.066667
1 0.515455 0.755556 0.105455 0.066667
1 0.516364 0.619444 0.105455 0.066667
1 0.518182 0.422222 0.105455 0.066667
1 0.410909 0.291667 0.105455 0.066667
1 0.412727 0.820833 0.105455 0.066667
1 0.200909 0.829167 0.105455 0.066667
1 0.199091 0.627778 0.105455 0.066667
1 0.091818 0.559722 0.105455 0.066667
