0 0.090000 0.163194 0.105455 0.068056
0 0.090000 0.234028 0.105455 0.068056
0 0.090000 0.303472 0.105455 0.068056
0 0.090909 0.365972 0.105455 0.068056
0 0.091818 0.431250 0.105455 0.068056
0 0.094545 0.499306 0.105455 0.068056
0 0.094545 0.625694 0.105455 0.068056
0 0.092727 0.696528 0.105455 0.068056
0 0.092727 0.764583 0.105455 0.068056
0 0.094545 0.825694 0.105455 0.068056
0 0.095455 0.896528 0.105455 0.068056
0 0.200000 0.892361 0.105455 0.068056
0 0.200909 0.757639 0.105455 0.068056
0 0.202727 0.690972 0.105455 0.068056
0 0.200909 0.560417 0.105455 0.068056
0 0.199091 0.496528 0.105455 0.068056
0 0.197273 0.431250 0.105455 0.068056
0 0.199091 0.360417 0.105455 0.068056
0 0.199091 0.293750 0.105455 0.068056
0 0.199091 0.228472 0.105455 0.068056
0 0.197273 0.160417 0.105455 0.068056
0 0.407273 0.160417 0.105455 0.068056
0 0.412727 0.227083 0.105455 0.068056
0 0.414545 0.354861 0.105455 0.068056
0 0.413636 0.427083 0.105455 0.068056
0 0.412727 0.490972 0.105455 0.068056
0 0.413636 0.556250 0.105455 0.068056
0 0.413636 0.625694 0.105455 0.068056
0 0.414545 0.754861 0.105455 0.068056
0 0.416364 0.885417 0.105455 0.068056
0 0.519091 0.885417 0.105455 0.068056
0 0.520000 0.817361 0.105455 0.068056
0 0.518182 0.553472 0.105455 0.068056
0 0.519091 0.489583 0.105455 0.068056
0 0.518182 0.356250 0.105455 0.068056
0 0.516364 0.289583 0.105455 0.068056
0 0.518182 0.225694 0.105455 0.068056
0 0.516364 0.157639 0.105455 0.068056
0 0.730000 0.146528 0.105455 0.068056
0 0.730000 0.218750 0.105455 0.068056
0 0.728182 0.288194 0.105455 0.068056
0 0.733636 0.352083 0.105455 0.068056
0 0.732727 0.420139 0.105455 0.068056
0 0.734545 0.618750 0.105455 0.068056
0 0.731818 0.749306 0.105455 0.068056
0 0.735455 0.881250 0.105455 0.068056
0 0.882727 0.885417 0.105455 0.068056
0 0.881818 0.820139 0.105455 0.068056
0 0.875455 0.621528 0.105455 0.068056
0 0.877273 0.557639 0.105455 0.068056
0 0.876364 0.488194 0.105455 0.068056
0 0.874545 0.420139 0.105455 0.068056
0 0.871818 0.354861 0.105455 0.068056
0 0.872727 0.293750 0.105455 0.068056
1 0.870909 0.222917 0.105455 0.068056
1 0.878182 0.685417 0.105455 0.068056
1 0.879091 0.757639 0.105455 0.068056
1 0.735455 0.815972 0.105455 0.068056
1 0.732727 0.686806 0.105455 0.068056
1 0.731818 0.552083 0.105455 0.068056
1 0.732727 0.484028 0.105455 0.068056
1 0.520909 0.425694 0.105455 0.068056
1 0.519091 0.621528 0.105455 0.068056
1 0.518182 0.754861 0.105455 0.068056
1 0.413636 0.820139 0.105455 0.068056
1 0.413636 0.293750 0.105455 0.068056
1 0.199091 0.625694 0.105455 0.068056
1 0.203636 0.822917 0.105455 0.068056
1 0.092727 0.565972 0.105455 0.068056
