0 0.089545 0.161111 0.108182 0.072222
0 0.093182 0.233333 0.108182 0.072222
0 0.089545 0.297222 0.108182 0.072222
0 0.093182 0.363889 0.108182 0.072222
0 0.091364 0.430556 0.108182 0.072222
0 0.093182 0.497222 0.108182 0.072222
0 0.093182 0.627778 0.108182 0.072222
0 0.095000 0.691667 0.108182 0.072222
0 0.095909 0.761111 0.108182 0.072222
0 0.094091 0.829167 0.108182 0.072222
0 0.092273 0.895833 0.108182 0.072222
0 0.202727 0.894444 0.109091 0.069444
0 0.200909 0.758333 0.109091 0.069444
0 0.200909 0.691667 0.109091 0.069444
0 0.200909 0.561111 0.109091 0.069444
0 0.204545 0.491667 0.109091 0.069444
0 0.201818 0.427778 0.109091 0.069444
0 0.202727 0.359722 0.109091 0.069444
0 0.202727 0.297222 0.109091 0.069444
0 0.200000 0.227778 0.109091 0.069444
0 0.200909 0.161111 0.109091 0.069444
0 0.410909 0.159722 0.109091 0.069444
0 0.519091 0.158333 0.109091 0.069444
0 0.516364 0.225000 0.109091 0.069444
0 0.409091 0.227778 0.109091 0.069444
0 0.520455 0.288889 0.110000 0.063889
0 0.520455 0.359722 0.110000 0.063889
0 0.409545 0.356944 0.110000 0.063889
0 0.409545 0.420833 0.110000 0.063889
0 0.408636 0.491667 0.110000 0.063889
0 0.410455 0.556944 0.110000 0.063889
0 0.408636 0.623611 0.110000 0.063889
0 0.521364 0.554167 0.110000 0.063889
0 0.519545 0.487500 0.110000 0.063889
0 0.415000 0.754167 0.110000 0.063889
0 0.521364 0.819444 0.110000 0.063889
0 0.520455 0.888889 0.110000 0.063889
0 0.411364 0.886111 0.110000 0.063889
0 0.732273 0.883333 0.110000 0.063889
0 0.730455 0.748611 0.110000 0.063889
0 0.729545 0.615278 0.110000 0.063889
0 0.728636 0.416667 0.110000 0.063889
0 0.733182 0.350000 0.110000 0.063889
0 0.727727 0.280556 0.110000 0.063889
0 0.725000 0.218056 0.110000 0.063889
0 0.726818 0.148611 0.110000 0.063889
0 0.873182 0.291667 0.110000 0.063889
0 0.875000 0.356944 0.110000 0.063889
0 0.876818 0.426389 0.110000 0.063889
0 0.875000 0.491667 0.110000 0.063889
0 0.878636 0.555556 0.110000 0.063889
0 0.883182 0.622222 0.110000 0.063889
0 0.886818 0.819444 0.110000 0.063889
0 0.886818 0.883333 0.110000 0.063889
1 0.883182 0.751389 0.110000 0.063889
1 0.878636 0.688889 0.110000 0.063889
1 0.873182 0.227778 0.110000 0.063889
1 0.725909 0.483333 0.110000 0.063889
1 0.729545 0.556944 0.110000 0.063889
1 0.732273 0.686111 0.110000 0.063889
1 0.732273 0.816667 0.110000 0.063889
1 0.519545 0.754167 0.110000 0.063889
1 0.519545 0.623611 0.110000 0.063889
1 0.519545 0.423611 0.110000 0.063889
1 0.408636 0.294444 0.110000 0.063889
1 0.411364 0.823611 0.110000 0.063889
1 0.203182 0.827778 0.110000 0.063889
1 0.204091 0.627778 0.110000 0.063889
1 0.090455 0.562500 0.110000 0.063889
