0 0.090455 0.164583 0.111818 0.068056
0 0.088636 0.234028 0.111818 0.068056
0 0.087727 0.296528 0.111818 0.068056
0 0.086818 0.368750 0.111818 0.068056
0 0.086818 0.432639 0.111818 0.068056
0 0.090455 0.497917 0.111818 0.068056
0 0.090455 0.629861 0.111818 0.068056
0 0.092273 0.693750 0.111818 0.068056
0 0.093182 0.765972 0.111818 0.068056
0 0.095000 0.827083 0.111818 0.068056
0 0.093182 0.890972 0.111818 0.068056
0 0.206818 0.893750 0.111818 0.068056
0 0.205000 0.754861 0.111818 0.068056
0 0.203182 0.693750 0.111818 0.068056
0 0.198636 0.565972 0.111818 0.068056
0 0.198636 0.493750 0.111818 0.068056
0 0.199545 0.428472 0.111818 0.068056
0 0.198636 0.365972 0.111818 0.068056
0 0.202273 0.296528 0.111818 0.068056
0 0.198636 0.229861 0.111818 0.068056
0 0.201364 0.161806 0.111818 0.068056
0 0.409545 0.161806 0.111818 0.068056
0 0.410455 0.227083 0.111818 0.068056
0 0.409545 0.357639 0.111818 0.068056
0 0.411364 0.427083 0.111818 0.068056
0 0.409545 0.489583 0.111818 0.068056
0 0.410455 0.556250 0.111818 0.068056
0 0.408636 0.620139 0.111818 0.068056
0 0.413182 0.754861 0.111818 0.068056
0 0.412273 0.889583 0.111818 0.068056
0 0.525000 0.884028 0.111818 0.068056
0 0.523182 0.818750 0.111818 0.068056
0 0.520455 0.554861 0.111818 0.068056
0 0.519545 0.486806 0.111818 0.068056
0 0.521364 0.356250 0.111818 0.068056
0 0.522273 0.295139 0.111818 0.068056
0 0.520455 0.225694 0.111818 0.068056
0 0.519545 0.154861 0.111818 0.068056
0 0.729545 0.152083 0.111818 0.068056
0 0.730455 0.225694 0.111818 0.068056
0 0.732273 0.289583 0.111818 0.068056
0 0.730455 0.352083 0.111818 0.068056
0 0.728636 0.415972 0.111818 0.068056
0 0.733182 0.617361 0.111818 0.068056
0 0.731364 0.750694 0.111818 0.068056
0 0.732273 0.885417 0.111818 0.068056
0 0.885909 0.885417 0.111818 0.068056
0 0.882273 0.818750 0.111818 0.068056
0 0.877727 0.621528 0.111818 0.068056
0 0.875000 0.552083 0.111818 0.068056
0 0.873182 0.486806 0.111818 0.068056
0 0.872273 0.422917 0.111818 0.068056
0 0.871364 0.354861 0.111818 0.068056
0 0.871364 0.286806 0.111818 0.068056
1 0.874091 0.217361 0.111818 0.068056
1 0.879545 0.688194 0.111818 0.068056
1 0.879545 0.757639 0.111818 0.068056
1 0.731364 0.818750 0.111818 0.068056
1 0.730455 0.554861 0.111818 0.068056
1 0.729545 0.484028 0.111818 0.068056
1 0.520455 0.756250 0.111818 0.068056
1 0.518636 0.618750 0.111818 0.068056
1 0.520455 0.425694 0.111818 0.068056
1 0.409545 0.824306 0.111818 0.068056
1 0.405909 0.292361 0.111818 0.068056
1 0.203182 0.825694 0.111818 0.068056
1 0.203182 0.625694 0.111818 0.068056
1 0.087727 0.560417 0.111818 0.068056
