0 0.089091 0.161806 0.109091 0.070833
0 0.090909 0.231250 0.109091 0.070833
0 0.090000 0.296528 0.109091 0.070833
0 0.091818 0.360417 0.109091 0.070833
0 0.091818 0.425694 0.109091 0.070833
0 0.091818 0.496528 0.109091 0.070833
0 0.091818 0.627083 0.109091 0.070833
0 0.095455 0.695139 0.109091 0.070833
0 0.092727 0.760417 0.109091 0.070833
0 0.090909 0.827083 0.109091 0.070833
0 0.094545 0.896528 0.109091 0.070833
0 0.204545 0.897917 0.109091 0.070833
0 0.204545 0.760417 0.109091 0.070833
0 0.203636 0.692361 0.109091 0.070833
0 0.199091 0.561806 0.109091 0.070833
0 0.200909 0.495139 0.109091 0.070833
0 0.200000 0.428472 0.109091 0.070833
0 0.201818 0.363194 0.109091 0.070833
0 0.202727 0.293750 0.109091 0.070833
0 0.200909 0.229861 0.109091 0.070833
0 0.198182 0.164583 0.109091 0.070833
0 0.410909 0.161806 0.109091 0.070833
0 0.410909 0.225694 0.109091 0.070833
0 0.411818 0.359028 0.109091 0.070833
0 0.410000 0.424306 0.109091 0.070833
0 0.411818 0.490972 0.109091 0.070833
0 0.412727 0.554861 0.109091 0.070833
0 0.414545 0.622917 0.109091 0.070833
0 0.412727 0.750694 0.109091 0.070833
0 0.413636 0.889583 0.109091 0.070833
0 0.524545 0.886806 0.109091 0.070833
0 0.521818 0.822917 0.109091 0.070833
0 0.520000 0.554861 0.109091 0.070833
0 0.518182 0.488194 0.109091 0.070833
0 0.519091 0.356250 0.109091 0.070833
0 0.518182 0.290972 0.109091 0.070833
0 0.519091 0.227083 0.109091 0.070833
0 0.516364 0.159028 0.109091 0.070833
0 0.728182 0.150694 0.109091 0.070833
0 0.727273 0.217361 0.109091 0.070833
0 0.725455 0.286806 0.109091 0.070833
0 0.729091 0.350694 0.109091 0.070833
0 0.732727 0.418750 0.109091 0.070833
0 0.730909 0.621528 0.109091 0.070833
0 0.729091 0.618750 0.109091 0.070833
0 0.733636 0.749306 0.109091 0.070833
0 0.736364 0.884028 0.109091 0.070833
0 0.887273 0.886806 0.109091 0.070833
0 0.881818 0.821528 0.109091 0.070833
0 0.880000 0.621528 0.109091 0.070833
0 0.879091 0.554861 0.109091 0.070833
0 0.875455 0.485417 0.109091 0.070833
0 0.876364 0.418750 0.109091 0.070833
0 0.874545 0.354861 0.109091 0.070833
0 0.875455 0.284028 0.109091 0.070833
1 0.872727 0.220139 0.109091 0.070833
1 0.881818 0.690972 0.109091 0.070833
1 0.882727 0.754861 0.109091 0.070833
1 0.733636 0.817361 0.109091 0.070833
1 0.733636 0.684028 0.109091 0.070833
1 0.729091 0.549306 0.109091 0.070833
1 0.726364 0.481250 0.109091 0.070833
1 0.519091 0.421528 0.109091 0.070833
1 0.521818 0.624306 0.109091 0.070833
1 0.520909 0.754861 0.109091 0.070833
1 0.414545 0.822917 0.109091 0.070833
1 0.410909 0.292361 0.109091 0.070833
1 0.201818 0.624306 0.109091 0.070833
1 0.200909 0.827083 0.109091 0.070833
1 0.090909 0.561806 0.109091 0.070833
