0 0.090000 0.162500 0.109091 0.072222
0 0.090909 0.231944 0.109091 0.072222
0 0.090000 0.297222 0.109091 0.072222
0 0.091818 0.363889 0.109091 0.072222
0 0.092727 0.430556 0.109091 0.072222
0 0.093636 0.495833 0.109091 0.072222
0 0.091818 0.630556 0.109091 0.072222
0 0.092727 0.691667 0.109091 0.072222
0 0.091818 0.756944 0.109091 0.072222
0 0.091818 0.826389 0.109091 0.072222
0 0.095455 0.895833 0.109091 0.072222
0 0.205455 0.898611 0.109091 0.072222
0 0.204545 0.758333 0.109091 0.072222
0 0.199091 0.693056 0.109091 0.072222
0 0.203636 0.561111 0.109091 0.072222
0 0.201818 0.493056 0.109091 0.072222
0 0.200000 0.430556 0.109091 0.072222
0 0.203636 0.359722 0.109091 0.072222
0 0.200000 0.294444 0.109091 0.072222
0 0.198182 0.225000 0.109091 0.072222
0 0.199091 0.156944 0.109091 0.072222
0 0.409091 0.155556 0.109091 0.072222
0 0.411818 0.227778 0.109091 0.072222
0 0.411818 0.359722 0.109091 0.072222
0 0.410000 0.425000 0.109091 0.072222
0 0.412727 0.491667 0.109091 0.072222
0 0.412727 0.554167 0.109091 0.072222
0 0.414545 0.620833 0.109091 0.072222
0 0.520000 0.555556 0.109091 0.072222
0 0.521818 0.486111 0.109091 0.072222
0 0.520000 0.355556 0.109091 0.072222
0 0.518182 0.286111 0.109091 0.072222
0 0.520000 0.222222 0.109091 0.072222
0 0.520000 0.154167 0.109091 0.072222
0 0.410909 0.754167 0.109091 0.072222
0 0.412727 0.888889 0.109091 0.072222
0 0.523636 0.890278 0.109091 0.072222
0 0.520909 0.820833 0.109091 0.072222
0 0.730000 0.148611 0.109091 0.072222
0 0.728182 0.218056 0.109091 0.072222
0 0.730909 0.288889 0.109091 0.072222
0 0.730909 0.352778 0.109091 0.072222
0 0.728182 0.419444 0.109091 0.072222
0 0.735455 0.616667 0.109091 0.072222
0 0.734545 0.748611 0.109091 0.072222
0 0.731818 0.884722 0.109091 0.072222
0 0.881818 0.888889 0.109091 0.072222
0 0.882727 0.816667 0.109091 0.072222
0 0.879091 0.618056 0.109091 0.072222
0 0.877273 0.554167 0.109091 0.072222
0 0.877273 0.487500 0.109091 0.072222
0 0.877273 0.420833 0.109091 0.072222
0 0.875455 0.354167 0.109091 0.072222
0 0.876364 0.293056 0.109091 0.072222
1 0.874545 0.225000 0.109091 0.072222
1 0.880000 0.688889 0.109091 0.072222
1 0.880909 0.752778 0.109091 0.072222
1 0.733636 0.823611 0.109091 0.072222
1 0.733636 0.687500 0.109091 0.072222
1 0.730909 0.551389 0.109091 0.072222
1 0.730909 0.481944 0.109091 0.072222
1 0.522727 0.754167 0.109091 0.072222
1 0.520909 0.620833 0.109091 0.072222
1 0.520909 0.425000 0.109091 0.072222
1 0.411818 0.822222 0.109091 0.072222
1 0.412727 0.294444 0.109091 0.072222
1 0.200000 0.630556 0.109091 0.072222
1 0.206364 0.825000 0.109091 0.072222
1 0.092727 0.562500 0.109091 0.072222
