0 0.088636 0.163194 0.108182 0.068056
0 0.090455 0.229861 0.108182 0.068056
0 0.092273 0.296528 0.108182 0.068056
0 0.091364 0.364583 0.108182 0.068056
0 0.093182 0.434028 0.108182 0.068056
0 0.093182 0.493750 0.108182 0.068056
0 0.093182 0.627083 0.108182 0.068056
0 0.094091 0.695139 0.108182 0.068056
0 0.094091 0.757639 0.108182 0.068056
0 0.095909 0.831250 0.108182 0.068056
0 0.097727 0.897917 0.108182 0.068056
0 0.205000 0.896528 0.108182 0.068056
0 0.201364 0.754861 0.108182 0.068056
0 0.199545 0.690972 0.108182 0.068056
0 0.200455 0.560417 0.108182 0.068056
0 0.203182 0.495139 0.108182 0.068056
0 0.201364 0.429861 0.108182 0.068056
0 0.203182 0.364583 0.108182 0.068056
0 0.201364 0.293750 0.108182 0.068056
0 0.202273 0.229861 0.108182 0.068056
0 0.200455 0.160417 0.108182 0.068056
0 0.409545 0.160417 0.108182 0.068056
0 0.412273 0.229861 0.108182 0.068056
0 0.411364 0.360417 0.108182 0.068056
0 0.410455 0.422917 0.108182 0.068056
0 0.409545 0.488194 0.108182 0.068056
0 0.412273 0.557639 0.108182 0.068056
0 0.410455 0.621528 0.108182 0.068056
0 0.411364 0.757639 0.108182 0.068056
0 0.415000 0.886806 0.108182 0.068056
0 0.522273 0.885417 0.108182 0.068056
0 0.520455 0.820139 0.108182 0.068056
0 0.519545 0.557639 0.108182 0.068056
0 0.519545 0.489583 0.108182 0.068056
0 0.518636 0.357639 0.108182 0.068056
0 0.518636 0.292361 0.108182 0.068056
0 0.519545 0.220139 0.108182 0.068056
0 0.524091 0.156250 0.108182 0.068056
0 0.730455 0.154861 0.108182 0.068056
0 0.729545 0.224306 0.108182 0.068056
0 0.726818 0.289583 0.108182 0.068056
0 0.728636 0.353472 0.108182 0.068056
0 0.726818 0.421528 0.108182 0.068056
0 0.734091 0.618750 0.108182 0.068056
0 0.736818 0.749306 0.108182 0.068056
0 0.735000 0.885417 0.108182 0.068056
0 0.885000 0.888194 0.108182 0.068056
0 0.881364 0.820139 0.108182 0.068056
0 0.880455 0.621528 0.108182 0.068056
0 0.877727 0.552083 0.108182 0.068056
0 0.877727 0.485417 0.108182 0.068056
0 0.875909 0.420139 0.108182 0.068056
0 0.876818 0.353472 0.108182 0.068056
0 0.876818 0.288194 0.108182 0.068056
1 0.875000 0.225694 0.108182 0.068056
1 0.881364 0.688194 0.108182 0.068056
1 0.884091 0.754861 0.108182 0.068056
1 0.732273 0.821528 0.108182 0.068056
1 0.731364 0.685417 0.108182 0.068056
1 0.730455 0.553472 0.108182 0.068056
1 0.732273 0.481250 0.108182 0.068056
1 0.518636 0.424306 0.108182 0.068056
1 0.518636 0.622917 0.108182 0.068056
1 0.520455 0.757639 0.108182 0.068056
1 0.411364 0.824306 0.108182 0.068056
1 0.409545 0.293750 0.108182 0.068056
1 0.197727 0.631250 0.108182 0.068056
1 0.203182 0.831250 0.108182 0.068056
1 0.092273 0.563194 0.108182 0.068056
