0 0.086364 0.163889 0.116364 0.066667
0 0.086364 0.231250 0.110909 0.065278
0 0.090909 0.297917 0.110909 0.065278
0 0.090000 0.367361 0.110909 0.065278
0 0.090000 0.435417 0.110909 0.065278
0 0.092727 0.496528 0.110909 0.065278
0 0.091818 0.628472 0.110909 0.065278
0 0.092727 0.697917 0.110909 0.065278
0 0.092727 0.764583 0.110909 0.065278
0 0.090909 0.827083 0.110909 0.065278
0 0.091818 0.890972 0.110909 0.065278
0 0.202727 0.896528 0.110909 0.065278
0 0.202727 0.759028 0.110909 0.065278
0 0.203636 0.690972 0.110909 0.065278
0 0.203636 0.560417 0.110909 0.065278
0 0.202727 0.497917 0.110909 0.065278
0 0.201818 0.428472 0.110909 0.065278
0 0.201818 0.359028 0.110909 0.065278
0 0.202727 0.293750 0.110909 0.065278
0 0.202727 0.227083 0.110909 0.065278
0 0.201818 0.160417 0.110909 0.065278
0 0.409091 0.163194 0.110909 0.065278
0 0.410909 0.229861 0.110909 0.065278
0 0.411818 0.360417 0.110909 0.065278
0 0.411818 0.424306 0.110909 0.065278
0 0.411818 0.492361 0.110909 0.065278
0 0.409091 0.561806 0.110909 0.065278
0 0.410909 0.621528 0.110909 0.065278
0 0.410000 0.754861 0.110909 0.065278
0 0.413636 0.889583 0.110909 0.065278
0 0.520909 0.886806 0.110909 0.065278
0 0.519091 0.821528 0.110909 0.065278
0 0.518182 0.553472 0.110909 0.065278
0 0.520909 0.486806 0.110909 0.065278
0 0.521818 0.359028 0.110909 0.065278
0 0.519091 0.292361 0.110909 0.065278
0 0.520000 0.222917 0.110909 0.065278
0 0.520909 0.159028 0.110909 0.065278
0 0.730909 0.881250 0.110909 0.065278
0 0.730909 0.752083 0.110909 0.065278
0 0.732727 0.618750 0.110909 0.065278
0 0.730909 0.418750 0.110909 0.065278
0 0.730000 0.349306 0.110909 0.065278
0 0.730000 0.290972 0.110909 0.065278
0 0.726364 0.221528 0.110909 0.065278
0 0.729091 0.150694 0.110909 0.065278
0 0.877273 0.289583 0.110909 0.065278
0 0.875455 0.360417 0.110909 0.065278
0 0.880000 0.427083 0.110909 0.065278
0 0.880000 0.490972 0.110909 0.065278
0 0.880909 0.560417 0.110909 0.065278
0 0.880000 0.620139 0.110909 0.065278
0 0.881818 0.818750 0.110909 0.065278
0 0.881818 0.884028 0.110909 0.065278
1 0.879091 0.227083 0.110909 0.065278
1 0.882727 0.693750 0.110909 0.065278
1 0.881818 0.756250 0.110909 0.065278
1 0.732727 0.815972 0.110909 0.065278
1 0.732727 0.685417 0.110909 0.065278
1 0.730000 0.553472 0.110909 0.065278
1 0.728182 0.485417 0.110909 0.065278
1 0.520909 0.752083 0.110909 0.065278
1 0.520909 0.622917 0.110909 0.065278
1 0.520909 0.421528 0.110909 0.065278
1 0.408182 0.292361 0.110909 0.065278
1 0.414545 0.821528 0.110909 0.065278
1 0.204545 0.825694 0.110909 0.065278
1 0.202727 0.631250 0.110909 0.065278
1 0.089091 0.561806 0.110909 0.065278
