0 0.089091 0.166667 0.103636 0.066667
0 0.088182 0.236111 0.103636 0.066667
0 0.090000 0.295833 0.103636 0.066667
0 0.090909 0.370833 0.103636 0.066667
0 0.090909 0.433333 0.103636 0.066667
0 0.094545 0.495833 0.103636 0.066667
0 0.092727 0.630556 0.103636 0.066667
0 0.094545 0.694444 0.103636 0.066667
0 0.098182 0.762500 0.103636 0.066667
0 0.098182 0.830556 0.103636 0.066667
0 0.098182 0.891667 0.103636 0.066667
0 0.199091 0.894444 0.103636 0.066667
0 0.197273 0.759722 0.103636 0.066667
0 0.196364 0.697222 0.103636 0.066667
0 0.197273 0.563889 0.103636 0.066667
0 0.193636 0.495833 0.103636 0.066667
0 0.195455 0.430556 0.103636 0.066667
0 0.198182 0.365278 0.103636 0.066667
0 0.197273 0.300000 0.103636 0.066667
0 0.195455 0.230556 0.103636 0.066667
0 0.193636 0.161111 0.103636 0.066667
0 0.410909 0.158333 0.103636 0.066667
0 0.413636 0.226389 0.103636 0.066667
0 0.414545 0.358333 0.103636 0.066667
0 0.415455 0.425000 0.103636 0.066667
0 0.414545 0.488889 0.103636 0.066667
0 0.415455 0.559722 0.103636 0.066667
0 0.411818 0.620833 0.103636 0.066667
0 0.412727 0.759722 0.103636 0.066667
0 0.414545 0.890278 0.103636 0.066667
0 0.518182 0.887500 0.103636 0.066667
0 0.513636 0.822222 0.103636 0.066667
0 0.517273 0.558333 0.103636 0.066667
0 0.514545 0.487500 0.103636 0.066667
0 0.516364 0.361111 0.103636 0.066667
0 0.512727 0.294444 0.103636 0.066667
0 0.514545 0.226389 0.103636 0.066667
0 0.516364 0.159722 0.103636 0.066667
0 0.729091 0.152778 0.103636 0.066667
0 0.730000 0.220833 0.103636 0.066667
0 0.730909 0.291667 0.103636 0.066667
0 0.730000 0.351389 0.103636 0.066667
0 0.733636 0.419444 0.103636 0.066667
0 0.730909 0.620833 0.103636 0.066667
0 0.734545 0.751389 0.103636 0.066667
0 0.734545 0.880556 0.103636 0.066667
0 0.877273 0.883333 0.103636 0.066667
0 0.879091 0.819444 0.103636 0.066667
0 0.879091 0.620833 0.103636 0.066667
0 0.880000 0.555556 0.103636 0.066667
0 0.879091 0.484722 0.103636 0.066667
0 0.872727 0.419444 0.103636 0.066667
0 0.870000 0.352778 0.103636 0.066667
0 0.870000 0.288889 0.103636 0.066667
1 0.870000 0.226389 0.103636 0.066667
1 0.877273 0.687500 0.103636 0.066667
1 0.876364 0.759722 0.103636 0.066667
1 0.733636 0.820833 0.103636 0.066667
1 0.732727 0.687500 0.103636 0.066667
1 0.730909 0.552778 0.103636 0.066667
1 0.732727 0.483333 0.103636 0.066667
1 0.411818 0.295833 0.103636 0.066667
1 0.520000 0.420833 0.103636 0.066667
1 0.512727 0.623611 0.103636 0.066667
1 0.515455 0.754167 0.103636 0.066667
1 0.414545 0.822222 0.103636 0.066667
1 0.199091 0.830556 0.103636 0.066667
1 0.199091 0.630556 0.103636 0.066667
1 0.093636 0.566667 0.103636 0.066667
