0 0.088182 0.165972 0.109091 0.068056
0 0.092727 0.235417 0.109091 0.068056
0 0.090909 0.300694 0.109091 0.068056
0 0.090000 0.370139 0.109091 0.068056
0 0.089091 0.429861 0.109091 0.068056
0 0.091818 0.495139 0.109091 0.068056
1 0.096364 0.564583 0.109091 0.068056
0 0.090909 0.631250 0.109091 0.068056
0 0.091818 0.697917 0.109091 0.068056
0 0.091818 0.767361 0.109091 0.068056
0 0.089091 0.829861 0.109091 0.068056
0 0.091818 0.902083 0.109091 0.068056
0 0.196818 0.902778 0.108182 0.072222
0 0.193182 0.690278 0.108182 0.072222
1 0.199545 0.829167 0.108182 0.072222
1 0.198636 0.627778 0.108182 0.072222
0 0.201364 0.762500 0.108182 0.072222
0 0.198636 0.565278 0.108182 0.072222
0 0.199545 0.498611 0.108182 0.072222
0 0.197727 0.495833 0.108182 0.072222
0 0.196818 0.356944 0.108182 0.072222
0 0.195909 0.358333 0.108182 0.072222
0 0.198636 0.295833 0.108182 0.072222
0 0.198636 0.225000 0.108182 0.072222
0 0.201364 0.159722 0.108182 0.072222
0 0.410455 0.152778 0.108182 0.072222
0 0.408636 0.225000 0.108182 0.072222
1 0.408636 0.288889 0.108182 0.072222
0 0.408636 0.355556 0.108182 0.072222
0 0.406818 0.423611 0.108182 0.072222
0 0.402273 0.487500 0.108182 0.072222
0 0.403182 0.554167 0.108182 0.072222
0 0.407727 0.623611 0.108182 0.072222
0 0.408636 0.752778 0.108182 0.072222
1 0.410455 0.819444 0.108182 0.072222
0 0.411364 0.887500 0.108182 0.072222
0 0.520455 0.884722 0.108182 0.072222
0 0.518636 0.818056 0.108182 0.072222
1 0.515000 0.613889 0.108182 0.072222
1 0.518636 0.763889 0.108182 0.072222
0 0.514091 0.552778 0.108182 0.072222
0 0.513182 0.490278 0.108182 0.072222
1 0.515909 0.423611 0.108182 0.072222
0 0.515909 0.355556 0.108182 0.072222
0 0.515909 0.291667 0.108182 0.072222
0 0.517727 0.219444 0.108182 0.072222
0 0.518636 0.150000 0.108182 0.072222
0 0.736818 0.147222 0.108182 0.072222
0 0.734091 0.215278 0.108182 0.072222
0 0.735909 0.286111 0.108182 0.072222
0 0.734091 0.352778 0.108182 0.072222
0 0.734091 0.415278 0.108182 0.072222
1 0.737727 0.486111 0.108182 0.072222
1 0.735909 0.551389 0.108182 0.072222
0 0.738636 0.618056 0.108182 0.072222
1 0.738636 0.686111 0.108182 0.072222
0 0.738636 0.752778 0.108182 0.072222
1 0.736818 0.815278 0.108182 0.072222
0 0.735000 0.886111 0.108182 0.072222
0 0.857727 0.883333 0.108182 0.072222
0 0.860455 0.816667 0.108182 0.072222
1 0.868636 0.751389 0.108182 0.072222
1 0.863182 0.686111 0.108182 0.072222
0 0.868636 0.620833 0.108182 0.072222
0 0.866818 0.556944 0.108182 0.072222
0 0.862273 0.487500 0.108182 0.072222
0 0.862273 0.415278 0.108182 0.072222
0 0.857727 0.279167 0.108182 0.072222
0 0.875909 0.284722 0.108182 0.072222
1 0.874091 0.227778 0.108182 0.072222
