0 0.090000 0.161806 0.109091 0.073611
0 0.084545 0.365972 0.109091 0.073611
0 0.088182 0.292361 0.109091 0.073611
0 0.085455 0.229167 0.110909 0.072222
0 0.088182 0.430556 0.110909 0.072222
0 0.092727 0.495833 0.110909 0.072222
0 0.087273 0.626389 0.110909 0.072222
0 0.089091 0.690278 0.110909 0.072222
0 0.090909 0.756944 0.110909 0.072222
0 0.092727 0.826389 0.110909 0.072222
0 0.090909 0.895833 0.110909 0.072222
0 0.200909 0.894444 0.110909 0.072222
0 0.200909 0.761111 0.110909 0.072222
0 0.201818 0.694444 0.110909 0.072222
0 0.200000 0.562500 0.110909 0.072222
0 0.200000 0.494444 0.110909 0.072222
0 0.198182 0.430556 0.110909 0.072222
0 0.200000 0.365278 0.110909 0.072222
0 0.198182 0.291667 0.110909 0.072222
0 0.196364 0.223611 0.110909 0.072222
0 0.198182 0.154167 0.110909 0.072222
0 0.405455 0.156944 0.110909 0.072222
0 0.407273 0.227778 0.110909 0.072222
0 0.410909 0.356944 0.110909 0.072222
0 0.410000 0.426389 0.110909 0.072222
0 0.408182 0.488889 0.110909 0.072222
0 0.410000 0.558333 0.110909 0.072222
0 0.407273 0.626389 0.110909 0.072222
0 0.409091 0.759722 0.110909 0.072222
0 0.409091 0.890278 0.110909 0.072222
0 0.519091 0.888889 0.110909 0.072222
0 0.517273 0.822222 0.110909 0.072222
0 0.515455 0.554167 0.110909 0.072222
0 0.516364 0.486111 0.110909 0.072222
0 0.516364 0.358333 0.110909 0.072222
0 0.516364 0.286111 0.110909 0.072222
0 0.516364 0.223611 0.110909 0.072222
0 0.519091 0.151389 0.110909 0.072222
0 0.727273 0.151389 0.110909 0.072222
0 0.728182 0.223611 0.110909 0.072222
0 0.727273 0.287500 0.110909 0.072222
0 0.730000 0.351389 0.110909 0.072222
0 0.730909 0.415278 0.110909 0.072222
0 0.729091 0.612500 0.110909 0.072222
0 0.732727 0.748611 0.110909 0.072222
0 0.731818 0.883333 0.110909 0.072222
0 0.880909 0.886111 0.110909 0.072222
0 0.881818 0.822222 0.110909 0.072222
0 0.875455 0.619444 0.110909 0.072222
0 0.873636 0.559722 0.110909 0.072222
0 0.871818 0.495833 0.110909 0.072222
0 0.871818 0.426389 0.110909 0.072222
0 0.871818 0.358333 0.110909 0.072222
0 0.871818 0.291667 0.110909 0.072222
1 0.874545 0.223611 0.110909 0.072222
1 0.877273 0.691667 0.110909 0.072222
1 0.879091 0.756944 0.110909 0.072222
1 0.517273 0.754167 0.110909 0.072222
1 0.517273 0.625000 0.110909 0.072222
1 0.729091 0.820833 0.110909 0.072222
1 0.727273 0.693056 0.110909 0.072222
1 0.726364 0.558333 0.110909 0.072222
1 0.728182 0.483333 0.110909 0.072222
1 0.520909 0.426389 0.110909 0.072222
1 0.409091 0.822222 0.110909 0.072222
1 0.408182 0.293056 0.110909 0.072222
1 0.198182 0.625000 0.110909 0.072222
1 0.202727 0.829167 0.110909 0.072222
1 0.088182 0.562500 0.110909 0.072222
