0 0.094091 0.168056 0.104545 0.061111
0 0.089545 0.236111 0.104545 0.061111
0 0.089545 0.295833 0.104545 0.061111
0 0.092273 0.365278 0.104545 0.061111
0 0.092273 0.430556 0.104545 0.061111
0 0.094091 0.498611 0.104545 0.061111
0 0.093182 0.626389 0.104545 0.061111
0 0.094091 0.698611 0.104545 0.061111
0 0.093182 0.759722 0.104545 0.061111
0 0.091364 0.825000 0.104545 0.061111
0 0.092273 0.897222 0.104545 0.061111
0 0.198636 0.893056 0.104545 0.061111
0 0.198636 0.758333 0.104545 0.061111
0 0.196818 0.693056 0.104545 0.061111
0 0.196818 0.558333 0.104545 0.061111
0 0.195909 0.494444 0.104545 0.061111
0 0.194091 0.429167 0.104545 0.061111
0 0.195000 0.359722 0.104545 0.061111
0 0.194091 0.293056 0.104545 0.061111
0 0.195909 0.225000 0.104545 0.061111
0 0.195000 0.165278 0.104545 0.061111
0 0.406818 0.158333 0.104545 0.061111
0 0.412273 0.226389 0.104545 0.061111
0 0.412273 0.356944 0.104545 0.061111
0 0.412273 0.426389 0.104545 0.061111
0 0.412273 0.491667 0.104545 0.061111
0 0.410455 0.556944 0.104545 0.061111
0 0.410455 0.620833 0.104545 0.061111
0 0.410455 0.755556 0.104545 0.061111
0 0.414091 0.887500 0.104545 0.061111
0 0.517727 0.886111 0.104545 0.061111
0 0.517727 0.819444 0.104545 0.061111
1 0.515909 0.419444 0.104545 0.061111
0 0.515000 0.488889 0.104545 0.061111
0 0.515909 0.359722 0.104545 0.061111
0 0.515909 0.284722 0.104545 0.061111
0 0.513182 0.219444 0.104545 0.061111
0 0.512273 0.154167 0.104545 0.061111
0 0.729545 0.154167 0.104545 0.061111
0 0.732273 0.222222 0.104545 0.061111
0 0.730455 0.287500 0.104545 0.061111
0 0.732273 0.354167 0.104545 0.061111
0 0.731364 0.416667 0.104545 0.061111
0 0.730455 0.615278 0.104545 0.061111
0 0.734091 0.750000 0.104545 0.061111
0 0.736818 0.879167 0.104545 0.061111
0 0.879545 0.886111 0.104545 0.061111
0 0.879545 0.816667 0.104545 0.061111
0 0.875000 0.620833 0.104545 0.061111
0 0.875000 0.552778 0.104545 0.061111
0 0.876818 0.486111 0.104545 0.061111
0 0.875000 0.420833 0.104545 0.061111
0 0.870455 0.352778 0.104545 0.061111
0 0.874091 0.290278 0.104545 0.061111
1 0.871364 0.219444 0.104545 0.061111
1 0.876818 0.686111 0.104545 0.061111
1 0.877727 0.752778 0.104545 0.061111
1 0.734091 0.818056 0.104545 0.061111
1 0.733182 0.681944 0.104545 0.061111
1 0.730455 0.550000 0.104545 0.061111
1 0.730455 0.481944 0.104545 0.061111
1 0.516818 0.755556 0.104545 0.061111
1 0.513182 0.619444 0.104545 0.061111
1 0.511364 0.616667 0.104545 0.061111
1 0.411364 0.823611 0.104545 0.061111
1 0.407727 0.290278 0.104545 0.061111
1 0.196818 0.823611 0.104545 0.061111
1 0.198636 0.630556 0.104545 0.061111
1 0.092273 0.568056 0.104545 0.061111
