0 0.089091 0.163889 0.103636 0.066667
0 0.091818 0.230556 0.103636 0.066667
0 0.090909 0.298611 0.103636 0.066667
0 0.089091 0.362500 0.103636 0.066667
0 0.090909 0.431944 0.103636 0.066667
0 0.093636 0.498611 0.103636 0.066667
0 0.091818 0.629167 0.103636 0.066667
0 0.091818 0.693056 0.103636 0.066667
0 0.094545 0.759722 0.103636 0.066667
0 0.092727 0.829167 0.103636 0.066667
0 0.094545 0.891667 0.103636 0.066667
0 0.196364 0.895833 0.103636 0.066667
0 0.197273 0.755556 0.103636 0.066667
0 0.194545 0.693056 0.103636 0.066667
0 0.194545 0.561111 0.103636 0.066667
0 0.192727 0.497222 0.103636 0.066667
0 0.191818 0.425000 0.103636 0.066667
0 0.193636 0.359722 0.103636 0.066667
0 0.195455 0.297222 0.103636 0.066667
0 0.197273 0.233333 0.103636 0.066667
0 0.195455 0.163889 0.103636 0.066667
0 0.410000 0.163889 0.103636 0.066667
0 0.410000 0.227778 0.103636 0.066667
0 0.410909 0.359722 0.103636 0.066667
0 0.412727 0.425000 0.103636 0.066667
0 0.411818 0.488889 0.103636 0.066667
0 0.412727 0.555556 0.103636 0.066667
0 0.414545 0.620833 0.103636 0.066667
0 0.412727 0.756944 0.103636 0.066667
0 0.418182 0.887500 0.103636 0.066667
0 0.516364 0.886111 0.103636 0.066667
0 0.516364 0.822222 0.103636 0.066667
0 0.516364 0.554167 0.103636 0.066667
0 0.514545 0.487500 0.103636 0.066667
0 0.515455 0.358333 0.103636 0.066667
0 0.512727 0.290278 0.103636 0.066667
0 0.514545 0.226389 0.103636 0.066667
0 0.515455 0.156944 0.103636 0.066667
0 0.729091 0.152778 0.103636 0.066667
0 0.732727 0.222222 0.103636 0.066667
0 0.730909 0.284722 0.103636 0.066667
0 0.728182 0.354167 0.103636 0.066667
0 0.728182 0.418056 0.103636 0.066667
0 0.734545 0.613889 0.103636 0.066667
0 0.736364 0.747222 0.103636 0.066667
0 0.734545 0.886111 0.103636 0.066667
0 0.880000 0.886111 0.103636 0.066667
0 0.877273 0.822222 0.103636 0.066667
0 0.873636 0.622222 0.103636 0.066667
0 0.870000 0.556944 0.103636 0.066667
0 0.871818 0.487500 0.103636 0.066667
0 0.870000 0.420833 0.103636 0.066667
0 0.868182 0.358333 0.103636 0.066667
0 0.868182 0.286111 0.103636 0.066667
1 0.867273 0.223611 0.103636 0.066667
1 0.873636 0.690278 0.103636 0.066667
1 0.875455 0.751389 0.103636 0.066667
1 0.735455 0.815278 0.103636 0.066667
1 0.731818 0.684722 0.103636 0.066667
1 0.730909 0.554167 0.103636 0.066667
1 0.729091 0.481944 0.103636 0.066667
1 0.511818 0.620833 0.103636 0.066667
1 0.515455 0.752778 0.103636 0.066667
1 0.410909 0.829167 0.103636 0.066667
1 0.410909 0.291667 0.103636 0.066667
1 0.198182 0.827778 0.103636 0.066667
1 0.195455 0.627778 0.103636 0.066667
1 0.089091 0.559722 0.103636 0.066667
