0 0.086818 0.169444 0.108182 0.072222
0 0.085000 0.226389 0.108182 0.072222
0 0.084091 0.290278 0.108182 0.072222
0 0.085909 0.366667 0.108182 0.072222
0 0.087727 0.427778 0.108182 0.072222
0 0.088636 0.497222 0.108182 0.072222
0 0.086818 0.630556 0.108182 0.072222
0 0.093182 0.693056 0.108182 0.072222
0 0.091364 0.756944 0.108182 0.072222
0 0.090455 0.820833 0.108182 0.072222
0 0.092273 0.891667 0.108182 0.072222
0 0.201364 0.898611 0.108182 0.072222
0 0.198636 0.755556 0.108182 0.072222
0 0.195000 0.690278 0.108182 0.072222
0 0.195909 0.562500 0.108182 0.072222
0 0.195909 0.498611 0.108182 0.072222
0 0.194091 0.426389 0.108182 0.072222
0 0.196818 0.363889 0.108182 0.072222
0 0.194091 0.298611 0.108182 0.072222
0 0.191364 0.227778 0.108182 0.072222
0 0.191364 0.159722 0.108182 0.072222
0 0.405909 0.159722 0.108182 0.072222
0 0.407727 0.226389 0.108182 0.072222
0 0.406818 0.354167 0.108182 0.072222
0 0.405000 0.351389 0.108182 0.072222
0 0.406818 0.426389 0.108182 0.072222
0 0.408636 0.495833 0.108182 0.072222
0 0.409545 0.555556 0.108182 0.072222
0 0.407727 0.619444 0.108182 0.072222
0 0.408636 0.755556 0.108182 0.072222
0 0.410455 0.886111 0.108182 0.072222
0 0.515000 0.893056 0.108182 0.072222
0 0.515909 0.819444 0.108182 0.072222
0 0.513182 0.555556 0.108182 0.072222
0 0.512273 0.491667 0.108182 0.072222
0 0.515000 0.354167 0.108182 0.072222
0 0.513182 0.297222 0.108182 0.072222
0 0.512273 0.227778 0.108182 0.072222
0 0.512273 0.158333 0.108182 0.072222
0 0.723182 0.150000 0.108182 0.072222
0 0.728636 0.222222 0.108182 0.072222
0 0.726818 0.280556 0.108182 0.072222
0 0.728636 0.348611 0.108182 0.072222
0 0.726818 0.413889 0.108182 0.072222
0 0.726818 0.620833 0.108182 0.072222
0 0.731364 0.751389 0.108182 0.072222
0 0.730455 0.881944 0.108182 0.072222
0 0.875909 0.884722 0.108182 0.072222
0 0.877727 0.819444 0.108182 0.072222
0 0.876818 0.622222 0.108182 0.072222
0 0.873182 0.555556 0.108182 0.072222
0 0.872273 0.487500 0.108182 0.072222
0 0.870455 0.423611 0.108182 0.072222
0 0.872273 0.356944 0.108182 0.072222
0 0.872273 0.288889 0.108182 0.072222
1 0.874091 0.220833 0.108182 0.072222
1 0.879545 0.688889 0.108182 0.072222
1 0.879545 0.755556 0.108182 0.072222
1 0.729545 0.815278 0.108182 0.072222
1 0.727727 0.683333 0.108182 0.072222
1 0.729545 0.550000 0.108182 0.072222
1 0.725000 0.483333 0.108182 0.072222
1 0.515909 0.750000 0.108182 0.072222
1 0.515909 0.615278 0.108182 0.072222
1 0.515000 0.427778 0.108182 0.072222
1 0.407727 0.819444 0.108182 0.072222
1 0.405909 0.295833 0.108182 0.072222
1 0.197727 0.625000 0.108182 0.072222
1 0.200455 0.827778 0.108182 0.072222
1 0.083182 0.566667 0.108182 0.072222
