0 0.090455 0.166667 0.104545 0.066667
0 0.091364 0.233333 0.104545 0.066667
0 0.090455 0.295833 0.104545 0.066667
0 0.090455 0.361111 0.104545 0.066667
0 0.090455 0.429167 0.104545 0.066667
0 0.090455 0.495833 0.104545 0.066667
0 0.093182 0.626389 0.104545 0.066667
0 0.087727 0.695833 0.104545 0.066667
0 0.094091 0.765278 0.104545 0.066667
0 0.095000 0.826389 0.104545 0.066667
0 0.096818 0.893056 0.104545 0.066667
0 0.197727 0.890278 0.104545 0.066667
0 0.198636 0.761111 0.104545 0.066667
0 0.195000 0.695833 0.104545 0.066667
0 0.192273 0.558333 0.104545 0.066667
0 0.194091 0.495833 0.104545 0.066667
0 0.191364 0.429167 0.104545 0.066667
0 0.193182 0.361111 0.104545 0.066667
0 0.195909 0.293056 0.104545 0.066667
0 0.194091 0.230556 0.104545 0.066667
0 0.193182 0.161111 0.104545 0.066667
0 0.406818 0.159722 0.104545 0.066667
0 0.406818 0.225000 0.104545 0.066667
0 0.411364 0.355556 0.104545 0.066667
0 0.412273 0.419444 0.104545 0.066667
0 0.412273 0.486111 0.104545 0.066667
0 0.414091 0.556944 0.104545 0.066667
0 0.408636 0.622222 0.104545 0.066667
0 0.409545 0.754167 0.104545 0.066667
0 0.411364 0.884722 0.104545 0.066667
0 0.516818 0.883333 0.104545 0.066667
0 0.513182 0.819444 0.104545 0.066667
0 0.513182 0.556944 0.104545 0.066667
0 0.515000 0.490278 0.104545 0.066667
0 0.513182 0.358333 0.104545 0.066667
0 0.513182 0.293056 0.104545 0.066667
0 0.511364 0.223611 0.104545 0.066667
0 0.509545 0.154167 0.104545 0.066667
0 0.729545 0.147222 0.104545 0.066667
0 0.728636 0.215278 0.104545 0.066667
0 0.727727 0.287500 0.104545 0.066667
0 0.729545 0.347222 0.104545 0.066667
0 0.727727 0.418056 0.104545 0.066667
0 0.733182 0.612500 0.104545 0.066667
0 0.730455 0.751389 0.104545 0.066667
0 0.731364 0.881944 0.104545 0.066667
0 0.876818 0.879167 0.104545 0.066667
0 0.875000 0.823611 0.104545 0.066667
0 0.870455 0.620833 0.104545 0.066667
0 0.871364 0.556944 0.104545 0.066667
0 0.869545 0.486111 0.104545 0.066667
0 0.868636 0.420833 0.104545 0.066667
0 0.869545 0.355556 0.104545 0.066667
0 0.869545 0.287500 0.104545 0.066667
1 0.871364 0.218056 0.104545 0.066667
1 0.871364 0.687500 0.104545 0.066667
1 0.872273 0.756944 0.104545 0.066667
1 0.727727 0.818056 0.104545 0.066667
1 0.727727 0.684722 0.104545 0.066667
1 0.728636 0.550000 0.104545 0.066667
1 0.727727 0.481944 0.104545 0.066667
1 0.512273 0.752778 0.104545 0.066667
1 0.515909 0.618056 0.104545 0.066667
1 0.512273 0.418056 0.104545 0.066667
1 0.405000 0.286111 0.104545 0.066667
1 0.406818 0.820833 0.104545 0.066667
1 0.192273 0.826389 0.104545 0.066667
1 0.190455 0.629167 0.104545 0.066667
1 0.092273 0.565278 0.104545 0.066667
