0 0.089091 0.163889 0.103636 0.066667
0 0.086364 0.233333 0.103636 0.066667
0 0.084545 0.297222 0.103636 0.066667
0 0.085455 0.362500 0.103636 0.066667
0 0.087273 0.431944 0.103636 0.066667
0 0.087273 0.495833 0.103636 0.066667
0 0.089091 0.631944 0.103636 0.066667
0 0.092727 0.695833 0.103636 0.066667
0 0.090909 0.765278 0.103636 0.066667
0 0.090909 0.829167 0.103636 0.066667
0 0.090909 0.897222 0.103636 0.066667
0 0.197273 0.894444 0.103636 0.066667
0 0.195455 0.758333 0.103636 0.066667
0 0.192727 0.690278 0.103636 0.066667
0 0.192727 0.561111 0.103636 0.066667
0 0.190000 0.491667 0.103636 0.066667
0 0.191818 0.426389 0.103636 0.066667
0 0.190000 0.362500 0.103636 0.066667
0 0.189091 0.294444 0.103636 0.066667
0 0.188182 0.225000 0.103636 0.066667
0 0.190909 0.161111 0.103636 0.066667
0 0.409091 0.159722 0.103636 0.066667
0 0.407273 0.222222 0.103636 0.066667
1 0.412727 0.820833 0.103636 0.066667
0 0.407273 0.423611 0.103636 0.066667
0 0.408182 0.493056 0.103636 0.066667
0 0.410000 0.552778 0.103636 0.066667
0 0.410000 0.623611 0.103636 0.066667
0 0.410000 0.758333 0.103636 0.066667
0 0.409091 0.886111 0.103636 0.066667
0 0.514545 0.881944 0.103636 0.066667
0 0.514545 0.820833 0.103636 0.066667
0 0.511818 0.559722 0.103636 0.066667
0 0.509091 0.491667 0.103636 0.066667
0 0.512727 0.355556 0.103636 0.066667
0 0.511818 0.288889 0.103636 0.066667
0 0.513636 0.156944 0.103636 0.066667
0 0.510909 0.223611 0.103636 0.066667
0 0.723636 0.152778 0.103636 0.066667
0 0.721818 0.218056 0.103636 0.066667
0 0.727273 0.286111 0.103636 0.066667
0 0.727273 0.352778 0.103636 0.066667
0 0.727273 0.416667 0.103636 0.066667
0 0.730000 0.616667 0.103636 0.066667
0 0.730000 0.745833 0.103636 0.066667
0 0.733636 0.877778 0.103636 0.066667
0 0.877273 0.887500 0.103636 0.066667
0 0.871818 0.820833 0.103636 0.066667
0 0.870000 0.623611 0.103636 0.066667
0 0.867273 0.551389 0.103636 0.066667
0 0.866364 0.487500 0.103636 0.066667
0 0.865455 0.415278 0.103636 0.066667
0 0.867273 0.350000 0.103636 0.066667
0 0.866364 0.288889 0.103636 0.066667
1 0.863636 0.226389 0.103636 0.066667
1 0.870000 0.688889 0.103636 0.066667
1 0.872727 0.755556 0.103636 0.066667
1 0.730909 0.816667 0.103636 0.066667
1 0.730000 0.690278 0.103636 0.066667
1 0.728182 0.547222 0.103636 0.066667
1 0.727273 0.476389 0.103636 0.066667
1 0.516364 0.755556 0.103636 0.066667
1 0.510909 0.623611 0.103636 0.066667
1 0.512727 0.419444 0.103636 0.066667
1 0.402727 0.291667 0.103636 0.066667
1 0.400909 0.288889 0.103636 0.066667
1 0.194545 0.827778 0.103636 0.066667
1 0.194545 0.626389 0.103636 0.066667
1 0.086364 0.562500 0.103636 0.066667
