0 0.088636 0.165972 0.100909 0.068056
0 0.086364 0.229861 0.107273 0.065278
0 0.089091 0.296528 0.107273 0.065278
0 0.089091 0.365972 0.107273 0.065278
0 0.090909 0.431250 0.107273 0.065278
0 0.089091 0.495139 0.107273 0.065278
0 0.090000 0.624306 0.107273 0.065278
0 0.088182 0.700694 0.107273 0.065278
0 0.087273 0.763194 0.107273 0.065278
0 0.093636 0.824306 0.107273 0.065278
0 0.090909 0.896528 0.107273 0.065278
0 0.196364 0.888194 0.107273 0.065278
0 0.199091 0.759028 0.107273 0.065278
0 0.197273 0.693750 0.107273 0.065278
0 0.194545 0.557639 0.107273 0.065278
0 0.193636 0.493750 0.107273 0.065278
0 0.193636 0.428472 0.107273 0.065278
0 0.194545 0.360417 0.107273 0.065278
0 0.193636 0.297917 0.107273 0.065278
0 0.191818 0.227083 0.107273 0.065278
0 0.192727 0.157639 0.107273 0.065278
0 0.408182 0.157639 0.107273 0.065278
0 0.405455 0.227083 0.107273 0.065278
0 0.402727 0.356250 0.107273 0.065278
0 0.407273 0.425694 0.107273 0.065278
0 0.408182 0.490972 0.107273 0.065278
0 0.410000 0.560417 0.107273 0.065278
0 0.407273 0.622917 0.107273 0.065278
0 0.409091 0.753472 0.107273 0.065278
0 0.410909 0.890972 0.107273 0.065278
0 0.522727 0.888194 0.107273 0.065278
0 0.513636 0.820139 0.107273 0.065278
0 0.515455 0.553472 0.107273 0.065278
0 0.517273 0.485417 0.107273 0.065278
0 0.515455 0.357639 0.107273 0.065278
0 0.514545 0.281250 0.107273 0.065278
0 0.518182 0.220139 0.107273 0.065278
0 0.513636 0.150694 0.107273 0.065278
0 0.723636 0.152083 0.107273 0.065278
0 0.725455 0.218750 0.107273 0.065278
0 0.725455 0.290972 0.107273 0.065278
0 0.727273 0.353472 0.107273 0.065278
0 0.730000 0.421528 0.107273 0.065278
0 0.728182 0.614583 0.107273 0.065278
0 0.729091 0.749306 0.107273 0.065278
0 0.730909 0.882639 0.107273 0.065278
0 0.878182 0.884028 0.107273 0.065278
0 0.877273 0.821528 0.107273 0.065278
0 0.872727 0.618750 0.107273 0.065278
0 0.870000 0.553472 0.107273 0.065278
0 0.871818 0.485417 0.107273 0.065278
0 0.871818 0.418750 0.107273 0.065278
0 0.869091 0.349306 0.107273 0.065278
0 0.869091 0.286806 0.107273 0.065278
1 0.870000 0.220139 0.107273 0.065278
1 0.877273 0.688194 0.107273 0.065278
1 0.876364 0.752083 0.107273 0.065278
1 0.729091 0.813194 0.107273 0.065278
1 0.728182 0.678472 0.107273 0.065278
1 0.728182 0.553472 0.107273 0.065278
1 0.727273 0.485417 0.107273 0.065278
1 0.516364 0.759028 0.107273 0.065278
1 0.514545 0.622917 0.107273 0.065278
1 0.513636 0.420139 0.107273 0.065278
1 0.411818 0.827083 0.107273 0.065278
1 0.404545 0.292361 0.107273 0.065278
1 0.199091 0.828472 0.107273 0.065278
1 0.197273 0.625694 0.107273 0.065278
1 0.088182 0.559028 0.107273 0.065278
