0 0.090000 0.168056 0.096364 0.063889
0 0.088182 0.237500 0.096364 0.063889
0 0.086364 0.295833 0.096364 0.063889
0 0.091818 0.365278 0.096364 0.063889
0 0.090909 0.427778 0.096364 0.063889
0 0.092727 0.495833 0.096364 0.063889
0 0.092727 0.626389 0.096364 0.063889
0 0.093636 0.694444 0.096364 0.063889
0 0.096364 0.756944 0.096364 0.063889
0 0.097273 0.826389 0.096364 0.063889
0 0.097273 0.895833 0.096364 0.063889
0 0.192727 0.893056 0.096364 0.063889
0 0.190000 0.762500 0.096364 0.063889
0 0.191818 0.694444 0.096364 0.063889
0 0.190000 0.562500 0.096364 0.063889
0 0.188182 0.493056 0.096364 0.063889
0 0.185455 0.358333 0.096364 0.063889
0 0.186364 0.425000 0.096364 0.063889
0 0.182727 0.162500 0.096364 0.063889
0 0.186364 0.227778 0.096364 0.063889
0 0.184545 0.225000 0.096364 0.063889
0 0.185455 0.293056 0.096364 0.063889
0 0.406364 0.158333 0.096364 0.063889
0 0.410000 0.225000 0.096364 0.063889
0 0.409091 0.359722 0.096364 0.063889
0 0.410000 0.425000 0.096364 0.063889
0 0.408182 0.490278 0.096364 0.063889
0 0.412727 0.555556 0.096364 0.063889
0 0.410909 0.618056 0.096364 0.063889
0 0.410000 0.755556 0.096364 0.063889
0 0.412727 0.886111 0.096364 0.063889
0 0.509091 0.883333 0.096364 0.063889
0 0.507273 0.816667 0.096364 0.063889
0 0.510000 0.554167 0.096364 0.063889
0 0.510000 0.490278 0.096364 0.063889
0 0.507273 0.358333 0.096364 0.063889
0 0.509091 0.288889 0.096364 0.063889
0 0.509091 0.220833 0.096364 0.063889
0 0.507273 0.156944 0.096364 0.063889
0 0.727273 0.144444 0.096364 0.063889
0 0.727273 0.213889 0.096364 0.063889
0 0.725455 0.288889 0.096364 0.063889
0 0.726364 0.348611 0.096364 0.063889
0 0.727273 0.419444 0.096364 0.063889
0 0.730000 0.613889 0.096364 0.063889
0 0.732727 0.750000 0.096364 0.063889
0 0.731818 0.880556 0.096364 0.063889
0 0.870909 0.888889 0.096364 0.063889
0 0.869091 0.819444 0.096364 0.063889
0 0.869091 0.619444 0.096364 0.063889
0 0.867273 0.554167 0.096364 0.063889
0 0.865455 0.420833 0.096364 0.063889
0 0.864545 0.481944 0.096364 0.063889
0 0.866364 0.356944 0.096364 0.063889
0 0.865455 0.284722 0.096364 0.063889
1 0.867273 0.225000 0.096364 0.063889
1 0.870000 0.691667 0.096364 0.063889
1 0.871818 0.752778 0.096364 0.063889
1 0.731818 0.819444 0.096364 0.063889
1 0.729091 0.684722 0.096364 0.063889
1 0.726364 0.550000 0.096364 0.063889
1 0.725455 0.484722 0.096364 0.063889
1 0.510000 0.759722 0.096364 0.063889
1 0.508182 0.620833 0.096364 0.063889
1 0.510909 0.423611 0.096364 0.063889
1 0.410909 0.825000 0.096364 0.063889
1 0.405455 0.293056 0.096364 0.063889
1 0.190909 0.827778 0.096364 0.063889
1 0.188182 0.630556 0.096364 0.063889
1 0.090000 0.562500 0.096364 0.063889
