0 0.086364 0.162500 0.103636 0.066667
0 0.086364 0.231944 0.103636 0.066667
0 0.083636 0.294444 0.103636 0.066667
0 0.085455 0.363889 0.103636 0.066667
0 0.090000 0.425000 0.103636 0.066667
0 0.089091 0.490278 0.103636 0.066667
0 0.089091 0.630556 0.103636 0.066667
0 0.090000 0.690278 0.103636 0.066667
0 0.089091 0.755556 0.103636 0.066667
0 0.089091 0.826389 0.103636 0.066667
0 0.087273 0.891667 0.103636 0.066667
0 0.195455 0.893056 0.103636 0.066667
0 0.191818 0.759722 0.103636 0.066667
0 0.191818 0.687500 0.103636 0.066667
0 0.190909 0.559722 0.103636 0.066667
0 0.194545 0.426389 0.103636 0.066667
0 0.197273 0.484722 0.103636 0.066667
0 0.191818 0.354167 0.103636 0.066667
0 0.187273 0.297222 0.103636 0.066667
0 0.190909 0.225000 0.103636 0.066667
0 0.188182 0.158333 0.103636 0.066667
0 0.405455 0.156944 0.103636 0.066667
0 0.405455 0.219444 0.103636 0.066667
0 0.406364 0.356944 0.103636 0.066667
0 0.408182 0.420833 0.103636 0.066667
0 0.410000 0.493056 0.103636 0.066667
0 0.410000 0.552778 0.103636 0.066667
0 0.411818 0.620833 0.103636 0.066667
0 0.408182 0.750000 0.103636 0.066667
0 0.406364 0.886111 0.103636 0.066667
0 0.509091 0.880556 0.103636 0.066667
0 0.509091 0.818056 0.103636 0.066667
0 0.516364 0.550000 0.103636 0.066667
0 0.510000 0.487500 0.103636 0.066667
1 0.510000 0.418056 0.103636 0.066667
0 0.510909 0.355556 0.103636 0.066667
0 0.509091 0.287500 0.103636 0.066667
0 0.510000 0.225000 0.103636 0.066667
0 0.509091 0.148611 0.103636 0.066667
0 0.725455 0.144444 0.103636 0.066667
0 0.724545 0.218056 0.103636 0.066667
0 0.722727 0.287500 0.103636 0.066667
0 0.724545 0.345833 0.103636 0.066667
0 0.728182 0.413889 0.103636 0.066667
0 0.724545 0.615278 0.103636 0.066667
0 0.726364 0.752778 0.103636 0.066667
0 0.724545 0.884722 0.103636 0.066667
0 0.874545 0.883333 0.103636 0.066667
0 0.872727 0.818056 0.103636 0.066667
0 0.870909 0.619444 0.103636 0.066667
0 0.869091 0.550000 0.103636 0.066667
0 0.870909 0.479167 0.103636 0.066667
0 0.869091 0.416667 0.103636 0.066667
0 0.869091 0.355556 0.103636 0.066667
0 0.870909 0.283333 0.103636 0.066667
1 0.869091 0.220833 0.103636 0.066667
1 0.510909 0.620833 0.103636 0.066667
1 0.510909 0.756944 0.103636 0.066667
1 0.404545 0.816667 0.103636 0.066667
1 0.402727 0.288889 0.103636 0.066667
1 0.191818 0.630556 0.103636 0.066667
1 0.192727 0.827778 0.103636 0.066667
1 0.090000 0.561111 0.103636 0.066667
1 0.727273 0.484722 0.103636 0.066667
1 0.726364 0.554167 0.103636 0.066667
1 0.723636 0.680556 0.103636 0.066667
1 0.727273 0.812500 0.103636 0.066667
1 0.874545 0.751389 0.103636 0.066667
1 0.870000 0.687500 0.103636 0.066667
