0 0.090909 0.162500 0.101818 0.077778
0 0.086364 0.225000 0.101818 0.077778
0 0.082727 0.287500 0.101818 0.077778
0 0.088182 0.358333 0.101818 0.077778
0 0.085455 0.427778 0.101818 0.077778
0 0.087273 0.491667 0.101818 0.077778
0 0.090000 0.630556 0.101818 0.077778
0 0.090000 0.698611 0.101818 0.077778
0 0.088182 0.762500 0.101818 0.077778
0 0.089091 0.827778 0.101818 0.077778
0 0.089091 0.900000 0.101818 0.077778
0 0.189091 0.897222 0.101818 0.077778
0 0.191818 0.758333 0.101818 0.077778
0 0.190000 0.690278 0.101818 0.077778
0 0.192727 0.558333 0.101818 0.077778
0 0.192727 0.487500 0.101818 0.077778
0 0.191818 0.427778 0.101818 0.077778
0 0.190000 0.352778 0.101818 0.077778
0 0.187273 0.294444 0.101818 0.077778
0 0.190909 0.222222 0.101818 0.077778
0 0.192727 0.151389 0.101818 0.077778
1 0.085455 0.559722 0.101818 0.077778
1 0.191818 0.823611 0.101818 0.077778
1 0.195455 0.625000 0.101818 0.077778
0 0.409545 0.883333 0.106364 0.069444
1 0.409545 0.815278 0.106364 0.069444
0 0.406818 0.751389 0.106364 0.069444
0 0.407727 0.616667 0.106364 0.069444
0 0.406818 0.551389 0.106364 0.069444
0 0.406818 0.488889 0.106364 0.069444
0 0.403182 0.422222 0.106364 0.069444
0 0.405909 0.351389 0.106364 0.069444
0 0.404091 0.348611 0.106364 0.069444
1 0.405000 0.286111 0.106364 0.069444
0 0.404091 0.218056 0.106364 0.069444
0 0.405000 0.154167 0.106364 0.069444
0 0.509545 0.151389 0.106364 0.069444
0 0.507727 0.219444 0.106364 0.069444
0 0.509545 0.283333 0.106364 0.069444
0 0.514091 0.358333 0.106364 0.069444
1 0.509545 0.420833 0.106364 0.069444
0 0.512273 0.486111 0.106364 0.069444
0 0.513182 0.554167 0.106364 0.069444
1 0.515000 0.626389 0.106364 0.069444
1 0.513182 0.754167 0.106364 0.069444
0 0.512273 0.818056 0.106364 0.069444
0 0.515909 0.881944 0.106364 0.069444
0 0.726818 0.880556 0.106364 0.069444
1 0.725909 0.813889 0.106364 0.069444
0 0.725909 0.747222 0.106364 0.069444
1 0.726818 0.679167 0.106364 0.069444
0 0.725000 0.615278 0.106364 0.069444
1 0.725909 0.551389 0.106364 0.069444
1 0.724091 0.480556 0.106364 0.069444
0 0.722273 0.413889 0.106364 0.069444
0 0.721364 0.347222 0.106364 0.069444
0 0.721364 0.280556 0.106364 0.069444
0 0.723182 0.212500 0.106364 0.069444
0 0.723182 0.144444 0.106364 0.069444
1 0.870455 0.223611 0.106364 0.069444
0 0.871364 0.290278 0.106364 0.069444
0 0.873182 0.354167 0.106364 0.069444
0 0.874091 0.423611 0.106364 0.069444
0 0.875909 0.488889 0.106364 0.069444
0 0.875909 0.552778 0.106364 0.069444
0 0.875000 0.620833 0.106364 0.069444
1 0.873182 0.688889 0.106364 0.069444
1 0.871364 0.759722 0.106364 0.069444
0 0.876818 0.823611 0.106364 0.069444
0 0.875000 0.879167 0.106364 0.069444
