0 0.089091 0.159028 0.101818 0.068056
0 0.083636 0.227083 0.101818 0.068056
0 0.083636 0.297917 0.101818 0.068056
0 0.086364 0.363194 0.101818 0.068056
0 0.088182 0.424306 0.101818 0.068056
0 0.089091 0.495139 0.101818 0.068056
0 0.092727 0.631250 0.101818 0.068056
0 0.090000 0.693750 0.101818 0.068056
0 0.089091 0.764583 0.101818 0.068056
0 0.089091 0.828472 0.101818 0.068056
0 0.089091 0.895139 0.101818 0.068056
0 0.194545 0.895139 0.101818 0.068056
0 0.197273 0.760417 0.101818 0.068056
0 0.194545 0.689583 0.101818 0.068056
0 0.191818 0.556250 0.101818 0.068056
0 0.190000 0.490972 0.101818 0.068056
0 0.189091 0.422917 0.101818 0.068056
0 0.189091 0.361806 0.101818 0.068056
0 0.189091 0.290972 0.101818 0.068056
0 0.190909 0.156250 0.101818 0.068056
0 0.406364 0.154861 0.101818 0.068056
0 0.183636 0.218750 0.101818 0.068056
0 0.409091 0.227083 0.101818 0.068056
0 0.408182 0.353472 0.101818 0.068056
0 0.410000 0.425694 0.101818 0.068056
0 0.411818 0.492361 0.101818 0.068056
0 0.410000 0.559028 0.101818 0.068056
0 0.410909 0.620139 0.101818 0.068056
0 0.410000 0.754861 0.101818 0.068056
0 0.410000 0.886806 0.101818 0.068056
0 0.513636 0.556250 0.101818 0.068056
0 0.512727 0.815972 0.101818 0.068056
0 0.510909 0.813194 0.101818 0.068056
0 0.512727 0.485417 0.101818 0.068056
0 0.508182 0.357639 0.101818 0.068056
0 0.511818 0.286806 0.101818 0.068056
0 0.727273 0.146528 0.101818 0.068056
0 0.511818 0.154861 0.101818 0.068056
0 0.510000 0.152083 0.101818 0.068056
0 0.726364 0.213194 0.101818 0.068056
0 0.723636 0.285417 0.101818 0.068056
0 0.726364 0.349306 0.101818 0.068056
0 0.725455 0.417361 0.101818 0.068056
0 0.727273 0.618750 0.101818 0.068056
0 0.728182 0.750694 0.101818 0.068056
0 0.731818 0.882639 0.101818 0.068056
0 0.872727 0.879861 0.101818 0.068056
0 0.868182 0.818750 0.101818 0.068056
0 0.870909 0.621528 0.101818 0.068056
0 0.870000 0.556250 0.101818 0.068056
0 0.868182 0.490972 0.101818 0.068056
0 0.868182 0.421528 0.101818 0.068056
0 0.865455 0.350694 0.101818 0.068056
0 0.868182 0.281250 0.101818 0.068056
1 0.865455 0.221528 0.101818 0.068056
1 0.867273 0.685417 0.101818 0.068056
1 0.869091 0.756250 0.101818 0.068056
1 0.728182 0.686806 0.101818 0.068056
1 0.726364 0.815972 0.101818 0.068056
1 0.726364 0.552083 0.101818 0.068056
1 0.726364 0.482639 0.101818 0.068056
1 0.510000 0.424306 0.101818 0.068056
1 0.510000 0.621528 0.101818 0.068056
1 0.516364 0.754861 0.101818 0.068056
1 0.408182 0.817361 0.101818 0.068056
1 0.404545 0.292361 0.101818 0.068056
1 0.192727 0.624306 0.101818 0.068056
1 0.196364 0.824306 0.101818 0.068056
1 0.087273 0.557639 0.101818 0.068056
