0 0.088636 0.159028 0.099091 0.081944
0 0.086364 0.230556 0.100000 0.072222
0 0.085455 0.294444 0.100000 0.072222
0 0.088182 0.355556 0.100000 0.072222
0 0.088182 0.423611 0.100000 0.072222
0 0.086364 0.493056 0.100000 0.072222
1 0.089091 0.556944 0.100000 0.072222
0 0.088182 0.626389 0.100000 0.072222
0 0.089091 0.698611 0.100000 0.072222
0 0.089091 0.758333 0.100000 0.072222
0 0.091818 0.827778 0.100000 0.072222
0 0.093636 0.895833 0.100000 0.072222
0 0.194545 0.891667 0.100000 0.072222
1 0.190000 0.822222 0.100000 0.072222
0 0.192727 0.754167 0.100000 0.072222
0 0.188182 0.690278 0.100000 0.072222
1 0.190909 0.626389 0.100000 0.072222
0 0.187273 0.556944 0.100000 0.072222
0 0.188182 0.491667 0.100000 0.072222
0 0.186364 0.422222 0.100000 0.072222
0 0.184545 0.223611 0.100000 0.072222
0 0.185455 0.293056 0.100000 0.072222
0 0.183636 0.290278 0.100000 0.072222
0 0.188182 0.156944 0.100000 0.072222
1 0.408182 0.822222 0.100000 0.072222
1 0.510909 0.750000 0.100000 0.072222
1 0.507273 0.619444 0.100000 0.072222
1 0.510000 0.419444 0.100000 0.072222
1 0.409091 0.288889 0.100000 0.072222
1 0.863636 0.225000 0.100000 0.072222
1 0.725455 0.486111 0.100000 0.072222
1 0.727273 0.552778 0.100000 0.072222
1 0.727273 0.681944 0.100000 0.072222
1 0.727273 0.812500 0.100000 0.072222
1 0.867273 0.681944 0.100000 0.072222
1 0.873636 0.752778 0.100000 0.072222
0 0.411818 0.891667 0.100000 0.072222
0 0.409091 0.745833 0.100000 0.072222
0 0.402727 0.619444 0.100000 0.072222
0 0.405455 0.545833 0.100000 0.072222
0 0.406364 0.486111 0.100000 0.072222
0 0.408182 0.416667 0.100000 0.072222
0 0.405455 0.356944 0.100000 0.072222
0 0.407273 0.219444 0.100000 0.072222
0 0.407273 0.150000 0.100000 0.072222
0 0.511818 0.154167 0.100000 0.072222
0 0.510909 0.219444 0.100000 0.072222
0 0.511818 0.286111 0.100000 0.072222
0 0.511818 0.350000 0.100000 0.072222
0 0.510000 0.493056 0.100000 0.072222
0 0.510909 0.547222 0.100000 0.072222
0 0.511818 0.822222 0.100000 0.072222
0 0.510000 0.883333 0.100000 0.072222
0 0.729091 0.884722 0.100000 0.072222
0 0.727273 0.747222 0.100000 0.072222
0 0.725455 0.618056 0.100000 0.072222
0 0.726364 0.415278 0.100000 0.072222
0 0.723636 0.347222 0.100000 0.072222
0 0.722727 0.281944 0.100000 0.072222
0 0.722727 0.211111 0.100000 0.072222
0 0.720909 0.140278 0.100000 0.072222
0 0.864545 0.355556 0.100000 0.072222
0 0.866364 0.418056 0.100000 0.072222
0 0.867273 0.487500 0.100000 0.072222
0 0.869091 0.554167 0.100000 0.072222
0 0.870909 0.615278 0.100000 0.072222
0 0.869091 0.883333 0.100000 0.072222
0 0.867273 0.823611 0.100000 0.072222
