0 0.089091 0.162500 0.094545 0.066667
0 0.087273 0.227778 0.094545 0.066667
0 0.084545 0.294444 0.094545 0.066667
0 0.088182 0.362500 0.094545 0.066667
0 0.090000 0.431944 0.094545 0.066667
0 0.088182 0.494444 0.094545 0.066667
0 0.090000 0.623611 0.094545 0.066667
0 0.091818 0.691667 0.094545 0.066667
0 0.092727 0.758333 0.094545 0.066667
0 0.090909 0.825000 0.094545 0.066667
0 0.094545 0.894444 0.094545 0.066667
0 0.193636 0.756944 0.094545 0.066667
0 0.192727 0.691667 0.094545 0.066667
0 0.190000 0.558333 0.094545 0.066667
0 0.188182 0.491667 0.094545 0.066667
0 0.188182 0.423611 0.094545 0.066667
0 0.185455 0.359722 0.094545 0.066667
0 0.182727 0.287500 0.094545 0.066667
0 0.182727 0.223611 0.094545 0.066667
0 0.180909 0.155556 0.094545 0.066667
0 0.411818 0.152778 0.094545 0.066667
0 0.407273 0.226389 0.094545 0.066667
0 0.412727 0.355556 0.094545 0.066667
0 0.410909 0.426389 0.094545 0.066667
0 0.410909 0.487500 0.094545 0.066667
0 0.410000 0.554167 0.094545 0.066667
0 0.410909 0.618056 0.094545 0.066667
0 0.413636 0.754167 0.094545 0.066667
0 0.413636 0.886111 0.094545 0.066667
0 0.509091 0.551389 0.094545 0.066667
0 0.510909 0.818056 0.094545 0.066667
0 0.510000 0.886111 0.094545 0.066667
0 0.510909 0.484722 0.094545 0.066667
0 0.509091 0.350000 0.094545 0.066667
0 0.510909 0.283333 0.094545 0.066667
0 0.509091 0.223611 0.094545 0.066667
0 0.507273 0.151389 0.094545 0.066667
0 0.728182 0.144444 0.094545 0.066667
0 0.725455 0.219444 0.094545 0.066667
0 0.728182 0.284722 0.094545 0.066667
0 0.727273 0.350000 0.094545 0.066667
0 0.725455 0.418056 0.094545 0.066667
0 0.731818 0.615278 0.094545 0.066667
0 0.729091 0.754167 0.094545 0.066667
0 0.731818 0.881944 0.094545 0.066667
0 0.872727 0.881944 0.094545 0.066667
0 0.866364 0.819444 0.094545 0.066667
0 0.865455 0.618056 0.094545 0.066667
0 0.865455 0.550000 0.094545 0.066667
0 0.863636 0.486111 0.094545 0.066667
0 0.864545 0.413889 0.094545 0.066667
0 0.860000 0.352778 0.094545 0.066667
0 0.861818 0.288889 0.094545 0.066667
1 0.089545 0.565972 0.100909 0.059722
1 0.191364 0.821528 0.100909 0.059722
1 0.192273 0.622917 0.100909 0.059722
1 0.408636 0.288194 0.100909 0.059722
1 0.511364 0.421528 0.100909 0.059722
1 0.510455 0.615972 0.100909 0.059722
1 0.515000 0.754861 0.100909 0.059722
1 0.414091 0.818750 0.100909 0.059722
1 0.730455 0.815972 0.100909 0.059722
1 0.730455 0.679861 0.100909 0.059722
1 0.724091 0.550694 0.100909 0.059722
1 0.724091 0.479861 0.100909 0.059722
1 0.866818 0.224306 0.100909 0.059722
1 0.873182 0.689583 0.100909 0.059722
1 0.873182 0.754861 0.100909 0.059722
