0 0.089091 0.161806 0.103636 0.073611
0 0.082727 0.231250 0.103636 0.073611
0 0.084545 0.295139 0.103636 0.073611
0 0.083636 0.361806 0.103636 0.073611
0 0.085455 0.429861 0.103636 0.073611
0 0.085455 0.495139 0.103636 0.073611
0 0.087273 0.627083 0.103636 0.073611
0 0.085455 0.696528 0.103636 0.073611
0 0.085455 0.757639 0.103636 0.073611
0 0.087273 0.831250 0.103636 0.073611
0 0.088182 0.900694 0.103636 0.073611
0 0.192727 0.896528 0.103636 0.073611
0 0.193636 0.756250 0.103636 0.073611
0 0.191818 0.688194 0.103636 0.073611
0 0.189091 0.559028 0.103636 0.073611
0 0.187273 0.492361 0.103636 0.073611
0 0.192727 0.428472 0.103636 0.073611
0 0.189091 0.364583 0.103636 0.073611
0 0.190000 0.292361 0.103636 0.073611
0 0.190000 0.227083 0.103636 0.073611
0 0.190000 0.157639 0.103636 0.073611
0 0.410000 0.153472 0.103636 0.073611
0 0.410000 0.220139 0.103636 0.073611
0 0.408182 0.361806 0.103636 0.073611
0 0.407273 0.424306 0.103636 0.073611
0 0.407273 0.488194 0.101818 0.068056
0 0.408182 0.554861 0.101818 0.068056
0 0.410000 0.617361 0.101818 0.068056
0 0.409091 0.756250 0.101818 0.068056
0 0.412727 0.885417 0.101818 0.068056
0 0.511818 0.886806 0.101818 0.068056
0 0.510909 0.818750 0.101818 0.068056
0 0.509091 0.554861 0.101818 0.068056
0 0.509091 0.490972 0.101818 0.068056
0 0.509091 0.352083 0.101818 0.068056
0 0.510909 0.284028 0.101818 0.068056
0 0.512727 0.221528 0.101818 0.068056
0 0.510909 0.150694 0.101818 0.068056
0 0.724545 0.150694 0.101818 0.068056
0 0.727273 0.218750 0.101818 0.068056
0 0.727273 0.285417 0.101818 0.068056
0 0.726364 0.352083 0.101818 0.068056
0 0.725455 0.415972 0.101818 0.068056
0 0.730909 0.614583 0.101818 0.068056
0 0.727273 0.752083 0.101818 0.068056
0 0.730909 0.884028 0.101818 0.068056
0 0.873636 0.888194 0.101818 0.068056
0 0.870909 0.821528 0.101818 0.068056
0 0.867273 0.617361 0.101818 0.068056
0 0.865455 0.556250 0.101818 0.068056
0 0.866364 0.485417 0.101818 0.068056
0 0.861818 0.414583 0.101818 0.068056
0 0.860909 0.354861 0.101818 0.068056
0 0.859091 0.284028 0.101818 0.068056
1 0.085455 0.565278 0.105455 0.069444
1 0.193636 0.625000 0.105455 0.069444
1 0.193636 0.822222 0.105455 0.069444
1 0.410909 0.823611 0.105455 0.069444
1 0.515455 0.751389 0.105455 0.069444
1 0.510000 0.622222 0.105455 0.069444
1 0.508182 0.422222 0.105455 0.069444
1 0.407273 0.284722 0.105455 0.069444
1 0.726364 0.490278 0.105455 0.069444
1 0.726364 0.558333 0.105455 0.069444
1 0.730000 0.683333 0.105455 0.069444
1 0.728182 0.809722 0.105455 0.069444
1 0.870000 0.755556 0.105455 0.069444
1 0.868182 0.686111 0.105455 0.069444
1 0.864545 0.219444 0.105455 0.069444
