0 0.184375 0.82890625 0.12890625 0.15703125
0 0.37109375 0.70390625 0.078125 0.134375
0 0.69140625 0.91171875 0.1484375 0.1765625
0 0.72421875 0.584375 0.06796875 0.10859375
0 0.62890625 0.459375 0.04453125 0.0484375
0 0.41953125 0.56015625 0.046875 0.08828125
0 0.4359375 0.48984375 0.03359375 0.053125
0 0.34375 0.52109375 0.0703125 0.1390625
0 0.2734375 0.54609375 0.0625 0.1203125
0 0.4125 0.44296875 0.0328125 0.04375
0 0.4609375 0.43046875 0.0234375 0.04609375
0 0.5921875 0.41875 0.02578125 0.04609375