0 0.23515625 0.58203125 0.08203125 0.13671875
0 0.31875 0.5578125 0.06796875 0.15703125
0 0.4046875 0.60859375 0.0546875 0.1203125
0 0.43203125 0.51953125 0.03671875 0.0484375
0 0.59375 0.6203125 0.06484375 0.1203125
0 0.71171875 0.9109375 0.1421875 0.178125
0 0.3296875 0.840625 0.1 0.15703125
0 0.66015625 0.50546875 0.0390625 0.0625
0 0.6046875 0.43515625 0.0328125 0.05078125
0 0.94140625 0.79140625 0.1171875 0.41640625
0 0.4078125 0.45625 0.02890625 0.05078125
0 0.3515625 0.478125 0.03671875 0.04375
0 0.45546875 0.440625 0.02578125 0.0484375