0 0.14609375 0.66640625 0.11953125 0.17578125
0 0.25859375 0.64453125 0.12109375 0.21953125
0 0.37265625 0.7328125 0.09140625 0.159375
0 0.41796875 0.56796875 0.04921875 0.09921875
0 0.58125 0.5578125 0.04296875 0.08359375
0 0.68828125 0.88359375 0.1296875 0.2328125
0 0.78984375 0.621875 0.2125 0.38203125
0 0.5484375 0.48515625 0.0390625 0.0625
0 0.61328125 0.44765625 0.04140625 0.0484375
0 0.3265625 0.50703125 0.0390625 0.06953125
0 0.38828125 0.4828125 0.04140625 0.0484375
0 0.4515625 0.45390625 0.0296875 0.05078125