0 0.30078125 0.93046875 0.171875 0.1390625
0 0.2046875 0.6375 0.1015625 0.11328125
0 0.328125 0.59296875 0.05703125 0.1109375
0 0.43203125 0.521875 0.04453125 0.0765625
0 0.61015625 0.6296875 0.06640625 0.115625
0 0.72109375 0.68828125 0.07578125 0.14140625
0 0.9015625 0.7984375 0.13671875 0.20859375
0 0.60859375 0.425 0.0640625 0.10390625
0 0.3625 0.4640625 0.0375 0.0484375
0 0.403125 0.46953125 0.0375 0.05078125
0 0.45546875 0.4453125 0.0234375 0.04375
0 0.540625 0.446875 0.02890625 0.04609375