0 0.3109375 0.91171875 0.13671875 0.1765625
0 0.21953125 0.621875 0.0765625 0.10859375
0 0.33046875 0.58125 0.06796875 0.08828125
0 0.4359375 0.5171875 0.04296875 0.0625
0 0.61875 0.665625 0.06875 0.13203125
0 0.75625 0.74453125 0.08046875 0.15546875
0 0.9390625 0.86328125 0.12109375 0.23125
0 0.6140625 0.42734375 0.05859375 0.09921875
0 0.54453125 0.45390625 0.02578125 0.04609375
0 0.45625 0.440625 0.025 0.034375
0 0.40703125 0.47109375 0.0328125 0.0484375
0 0.365625 0.4609375 0.0390625 0.04609375